depth(m) lower_95(kyr) lower_68(kyr) median(kyr) mean(kyr) upper_68(kyr) upper_95(kyr)
0.010000 2.105183 2.853046 3.268594 3.195918 3.587704 3.836630
0.030000 3.203008 3.459587 3.700931 3.706123 3.955258 4.152249
0.070000 3.861123 4.144955 4.517524 4.626413 5.057916 6.121585
0.100000 4.345426 4.713721 5.280425 5.416872 6.176438 7.112885
0.130000 4.915069 5.437166 6.267771 6.317390 7.230426 8.083452
0.170000 5.845919 6.744188 7.828287 7.817194 8.830924 9.960512
0.200000 7.989215 8.873639 9.883457 9.830109 10.762174 11.551426
0.230000 12.179236 12.684625 13.413852 13.475378 14.393628 14.863761
0.270000 13.516156 14.391639 14.849809 14.815779 15.272194 15.660812
0.300000 14.970732 15.276822 15.578430 15.572483 15.861809 16.197026
0.330000 15.596846 15.925966 16.226118 16.229733 16.520567 16.915622
0.370000 16.524265 16.803726 17.142767 17.174875 17.533088 18.022230
0.400000 17.008376 17.315237 17.687733 17.727000 18.147015 18.599513
0.430000 17.454850 17.794450 18.186578 18.220543 18.646317 19.109791
0.470000 17.994979 18.399568 18.809402 18.834237 19.265616 19.781365
0.500000 18.417402 18.842657 19.292850 19.299890 19.765303 20.261299
0.530000 18.820706 19.293461 19.747247 19.764406 20.240931 20.753090
0.570000 19.428879 19.907125 20.372072 20.376196 20.854446 21.330594
0.600000 19.856123 20.379493 20.867133 20.854503 21.345149 21.791647
0.630000 20.256692 20.843441 21.326427 21.319555 21.801130 22.334558
0.670000 20.894208 21.428307 21.920802 21.950527 22.449211 23.268377
0.700000 21.276690 21.895057 22.413349 22.462588 22.984110 24.038323
0.730000 21.763509 22.341008 22.943280 22.990846 23.555682 24.703461
0.770000 22.334120 23.013455 23.679920 23.740257 24.469100 25.492865
0.800000 22.795188 23.594793 24.271571 24.334690 25.076992 26.108949
0.830000 23.345746 24.196205 24.868400 24.927061 25.736013 26.618380
0.860000 23.919092 24.829242 25.502677 25.589545 26.439766 27.318593
0.900000 24.919624 25.601586 26.473700 26.643672 27.658388 29.194071
0.930000 25.482055 26.168816 27.256165 27.427029 28.720122 30.452375
0.970000 26.305495 27.001595 28.391757 28.616589 30.350934 31.541579
1.000000 26.983088 27.773345 29.517538 29.508920 31.329227 32.312329
1.030000 27.569605 28.542987 30.576789 30.399336 32.099595 32.958370
1.070000 28.394607 29.750339 31.780174 31.518357 32.965356 33.819200
1.100000 28.945302 30.801864 32.590051 32.307880 33.583984 34.358909
1.130000 29.667602 31.740733 33.345426 33.028719 34.112926 34.895524
1.170000 31.067574 32.837741 34.078161 33.861863 34.799757 35.572128
1.200000 32.181136 33.619513 34.600124 34.499111 35.377474 36.068883
1.230000 33.306614 34.406390 35.246838 35.206918 36.015419 36.705920
1.270000 34.487785 35.261402 36.062660 36.068790 36.840144 37.792266
1.300000 35.159784 35.938714 36.699778 36.721850 37.510324 38.488198
1.330000 35.856954 36.667778 37.396538 37.430699 38.259272 38.954729
1.370000 36.720047 37.734912 38.419598 38.401113 39.161885 39.767721
1.400000 37.642090 38.566426 39.204231 39.184770 39.869507 40.377893
1.430000 38.663056 39.297696 39.982590 39.924872 40.566997 40.932975
1.470000 39.535077 40.209698 40.832943 40.739324 41.245528 41.524313
1.500000 40.360136 41.025342 41.422692 41.358491 41.686329 41.928037
1.530000 41.572419 41.788309 42.002734 41.996759 42.194198 42.388352
1.570000 42.099741 42.437047 42.800427 43.006525 43.520251 45.277221
1.600000 42.503141 42.917924 43.535290 43.833685 44.850793 46.569126
1.630000 42.920987 43.442992 44.571594 44.744079 45.952591 48.029739
1.670000 43.454464 44.340877 45.740761 46.024974 47.582351 50.408848
1.700000 43.922408 44.959421 46.551682 46.928475 49.203237 51.265619
1.730000 44.426148 45.845014 47.493856 47.873896 50.410910 52.057148
1.770000 45.205542 46.745997 48.940561 49.159147 51.960367 52.967600
1.800000 46.048801 47.319217 50.135044 49.991740 52.657467 53.559273
1.830000 46.598305 47.931212 51.248746 50.776461 53.358526 54.155942
1.870000 47.416756 48.778872 52.498567 51.652792 54.110469 54.808147
1.900000 47.915531 49.419092 53.206452 52.281204 54.649188 55.336737
1.930000 48.510311 49.997698 53.977327 52.921012 55.140910 55.811904
1.970000 49.458699 50.765409 54.795781 53.710536 55.771696 56.377880
2.000000 50.108714 51.363594 55.396146 54.293886 56.296479 56.792419
2.030000 50.654781 51.879755 55.950949 54.854467 56.747778 57.219475
2.070000 51.597725 52.701659 56.665971 55.596506 57.368387 57.864938
2.100000 52.261017 53.323403 57.182596 56.171173 57.884498 58.316957
2.130000 52.873940 53.941471 57.651235 56.705158 58.336783 58.790092
2.200000 54.040772 55.571868 58.628141 57.847729 59.268136 59.709663
2.230000 54.686058 56.367609 59.086462 58.381223 59.689504 60.148064
2.270000 55.342893 57.276182 59.655870 59.071903 60.259440 60.668931
2.300000 56.175958 58.009813 60.122335 59.607183 60.676478 61.108183
2.330000 57.109477 58.924497 60.574907 60.158240 61.088115 61.505626
2.370000 58.430276 60.182969 61.137820 60.911410 61.669192 62.092223
2.400000 59.780145 60.945195 61.639658 61.527051 62.138255 62.613684
2.430000 60.680521 61.525700 62.102685 62.051407 62.601094 63.072770
2.470000 61.705725 62.231528 62.751450 62.756796 63.305970 63.857411
2.500000 62.235214 62.723841 63.247967 63.289951 63.862257 64.411875
2.520000 62.525631 63.045914 63.620989 63.647528 64.273620 64.823574
2.540000 62.833040 63.352589 63.971974 63.994769 64.624194 65.243241
2.560000 63.184070 63.692690 64.324977 64.349032 65.001244 65.633978
2.580000 63.521415 64.042995 64.671557 64.692259 65.343329 65.970265
2.600000 63.897988 64.388927 65.031983 65.039038 65.667002 66.288036
2.620000 64.208841 64.772669 65.425043 65.402036 65.999241 66.613319
2.640000 64.579755 65.131135 65.752134 65.743894 66.322090 66.889022
2.700000 65.574031 66.149640 66.705637 66.687912 67.214248 67.682806
2.760000 66.753430 67.182913 67.686701 67.670398 68.120642 68.541625
2.780000 67.203714 67.578939 68.049499 68.044439 68.470246 68.973509
2.800000 67.621290 67.996669 68.405319 68.414711 68.826897 69.322864
2.820000 67.948097 68.358211 68.776477 68.795530 69.232695 69.816978
2.840000 68.304670 68.716406 69.160350 69.241237 69.751343 70.646212
2.860000 68.635632 69.097539 69.570364 69.693018 70.286709 71.573880
2.880000 68.988916 69.476123 70.047055 70.251638 71.063941 72.561932
2.900000 69.412482 69.914601 70.667248 70.924163 72.132959 73.334404
2.920000 69.842285 70.433154 71.536346 71.750215 73.203182 73.969162
2.940000 70.495358 71.204313 72.493417 72.621916 74.080643 74.892868
2.960000 71.138042 71.933695 73.542958 73.516285 74.966979 76.450280
2.980000 72.008441 72.818733 74.279254 74.402535 76.015618 77.606168
3.000000 72.883588 73.942601 74.814036 75.199421 77.165597 78.425309
3.020000 74.450665 74.940042 75.612584 76.109451 77.886206 79.294352
3.040000 75.048550 75.566932 76.336307 76.801289 78.648202 79.852502
3.060000 75.648247 76.168246 76.945072 77.488124 79.388948 80.396497
3.080000 76.454107 77.161725 78.381548 78.468854 79.924641 80.835099
3.100000 77.213459 78.372856 79.565279 79.470779 80.591494 81.274065
3.120000 78.448987 79.483016 80.464799 80.363000 81.206549 81.786290
3.140000 79.617245 80.542705 81.327040 81.221050 81.877863 82.388173
3.160000 80.566049 81.380370 81.968629 81.912807 82.455702 82.880744
3.180000 81.670345 82.135004 82.554742 82.540879 82.963026 83.320765
3.200000 82.174676 82.560911 82.981069 82.951498 83.331083 83.652035
3.220000 82.593888 82.963476 83.350410 83.332630 83.687111 84.011511
3.240000 82.929617 83.342911 83.673038 83.667150 83.997300 84.337448
3.260000 83.259991 83.656143 83.983760 83.971247 84.290132 84.566039
3.280000 83.521473 83.948615 84.274771 84.257292 84.562901 84.872888
3.300000 83.832102 84.213895 84.550157 84.537097 84.839877 85.184826
3.320000 84.166536 84.516732 84.841371 84.822557 85.113654 85.394450
3.340000 84.473352 84.821605 85.122027 85.110941 85.389509 85.655526
3.360000 84.830913 85.127371 85.414045 85.404281 85.666284 85.903000
3.380000 85.169914 85.472328 85.717660 85.718087 85.960676 86.210137
3.400000 85.600988 85.868645 86.130021 86.192075 86.518210 87.181763
3.420000 85.936302 86.217237 86.545373 86.827996 87.382798 89.921954
3.440000 86.260734 86.514784 87.006373 87.817159 90.117878 91.333136
3.460000 86.515835 86.789566 87.388696 88.761105 91.396197 92.262366
3.480000 86.807799 87.118563 89.741282 89.450136 91.952641 92.745024
3.500000 87.168054 87.552026 90.653978 90.199062 92.443341 93.129267
3.520000 87.426056 88.034686 91.385099 90.920933 92.869962 93.543477
3.540000 87.939363 89.043715 91.929080 91.476491 93.272308 93.954204
3.560000 88.336621 90.317758 92.414793 92.032378 93.629497 94.250477
3.580000 89.018779 90.831223 92.919734 92.519564 93.997510 94.580957
3.600000 89.856360 91.346178 93.438783 92.999989 94.374025 94.927665
3.620000 90.920769 92.044369 93.963164 93.582682 94.742187 95.243574
3.640000 92.106580 93.256376 94.529054 94.301991 95.194949 95.671382
3.660000 93.083663 94.117344 95.050749 94.927701 95.671201 96.135691
3.680000 94.050248 94.935738 95.637540 95.577556 96.232587 96.776947
3.700000 94.592071 95.365691 96.057045 96.023109 96.684002 97.388478
3.720000 95.035198 95.746788 96.430065 96.422311 97.140711 97.790336
3.740000 95.412546 96.103107 96.780434 96.807166 97.545922 98.233316
3.760000 95.772796 96.469466 97.208280 97.219266 98.002626 98.663908
3.780000 96.147849 96.826107 97.660777 97.641281 98.396560 99.119100
3.800000 96.446166 97.197875 98.074905 98.038424 98.804695 99.685116
3.820000 96.734157 97.563419 98.492553 98.418750 99.191428 100.184246
3.840000 97.049015 97.934473 98.871168 98.789397 99.558012 100.499501
3.860000 97.421147 98.350879 99.254186 99.162822 99.890869 100.840729
3.880000 97.802167 98.757210 99.630732 99.548264 100.251570 101.272530
3.900000 98.103360 99.138564 100.037016 99.933193 100.637522 101.665886
3.920000 98.472256 99.546232 100.383732 100.298109 100.982943 101.992802
3.940000 98.831254 99.882697 100.723179 100.657610 101.347580 102.441987
3.960000 99.195302 100.282700 101.078791 101.035506 101.688835 102.791862
3.980000 99.558819 100.684897 101.447631 101.418578 102.095534 103.150276
4.000000 100.037383 101.110068 101.834068 101.819415 102.516755 103.486782
4.020000 100.495005 101.546020 102.256426 102.258397 103.029382 103.901322
4.040000 101.031418 102.015907 102.726336 102.739941 103.547417 104.310248
4.060000 101.548009 102.483644 103.207018 103.229118 104.018260 104.687922
4.080000 102.215684 103.046045 103.781884 103.792988 104.559117 105.217522
4.100000 102.984900 103.660612 104.432615 104.397293 105.115418 105.797240
4.120000 103.468104 104.216571 104.940547 104.918434 105.588597 106.386640
4.140000 104.022821 104.759449 105.421202 105.412598 106.100150 106.807103
4.160000 104.408427 105.226303 105.853154 105.856010 106.523572 107.256058
4.180000 104.856241 105.623852 106.259877 106.269081 106.931683 107.634386
4.200000 105.307575 106.036105 106.701397 106.706165 107.390826 108.040292
4.220000 105.633049 106.447433 107.130698 107.123512 107.798100 108.417897
4.240000 106.118779 106.907492 107.594033 107.560983 108.218574 108.775597
4.260000 106.558987 107.378060 108.073509 108.020518 108.658471 109.204506
4.280000 107.019812 107.912919 108.506112 108.461544 109.063449 109.581937
4.300000 107.588980 108.314430 108.906129 108.870125 109.439085 110.018908
4.320000 107.934275 108.667715 109.232351 109.222669 109.788211 110.350214
4.380000 108.971229 109.506169 110.083970 110.065576 110.626809 111.161501
4.400000 109.352256 109.851604 110.384469 110.398117 110.941968 111.488559
4.420000 109.749195 110.199937 110.738035 110.744877 111.286430 111.822425
4.440000 110.160049 110.559336 111.083084 111.101802 111.632293 112.170717
4.460000 110.457768 110.970727 111.467581 111.488909 112.008365 112.520239
4.480000 110.905846 111.405033 111.924295 111.922331 112.416713 112.913045
4.500000 111.506494 111.980433 112.467340 112.468120 112.963549 113.401485
4.520000 112.369674 112.800741 113.324975 113.360804 113.899246 114.557844
4.540000 112.989364 113.477648 114.051956 114.095982 114.712192 115.509835
4.560000 113.520065 114.021742 114.714043 114.778774 115.528095 116.446709
4.580000 114.064515 114.741666 115.588982 115.637566 116.572922 117.455907
4.600000 114.905407 115.783200 116.832389 116.856535 117.935378 118.933754
4.620000 116.009563 116.912711 117.975420 117.987136 119.075515 120.137403
4.640000 116.972104 117.819321 118.728951 118.797179 119.809204 120.913061
4.660000 118.960787 119.926692 120.842944 120.848437 121.761139 122.712316
4.680000 119.905509 120.772878 121.739315 121.805433 122.901404 123.941086
4.700000 120.634313 121.568686 122.738251 122.763705 123.955892 125.070003
4.720000 121.474417 122.423150 123.710831 123.705575 124.909017 126.151175
4.740000 122.399301 123.360067 124.571903 124.606306 125.848882 127.286946
4.760000 123.250650 124.336488 125.537186 125.546788 126.744267 127.979627
4.780000 124.219930 125.262604 126.437321 126.418038 127.555922 128.582221
4.800000 125.247849 126.296769 127.345091 127.291440 128.308101 129.019102
4.820000 126.402971 127.342909 128.292274 128.199886 129.036186 129.492898
4.840000 127.982346 128.847023 129.444381 129.347199 129.827697 130.189625
4.860000 129.298600 129.751759 130.080596 130.059591 130.364833 130.670823
4.880000 129.710064 130.094779 130.407238 130.392472 130.695401 130.967555
4.900000 130.077927 130.421634 130.715962 130.705414 131.013139 131.230236
4.920000 130.445048 130.741675 131.022583 131.015226 131.296667 131.511832
4.940000 130.800503 131.069805 131.337459 131.328474 131.590902 131.811580
4.960000 131.092831 131.366099 131.631963 131.622551 131.888376 132.099210
4.980000 131.395138 131.650216 131.917600 131.913391 132.177446 132.400600
5.000000 131.708184 131.997353 132.270551 132.273630 132.560845 132.792407
5.020000 132.093136 132.372834 132.673141 132.680277 132.998058 133.269437
5.040000 132.473536 132.743111 133.042687 133.046256 133.362683 133.583105
5.060000 133.013233 133.294319 133.557961 133.550109 133.800779 134.040907
5.080000 133.391058 133.674154 133.953403 133.941117 134.194778 134.459462
5.100000 133.731840 134.031035 134.288836 134.284000 134.550833 134.787312
5.120000 134.126600 134.379242 134.632869 134.636069 134.883870 135.146354
5.140000 134.463228 134.706952 134.931886 134.939287 135.175965 135.393078
5.160000 134.764439 135.001284 135.236133 135.239176 135.464854 135.727116
5.180000 135.076813 135.291405 135.547249 135.558450 135.799482 136.110316
5.200000 135.432830 135.627209 135.888941 135.945287 136.211694 136.831785
5.220000 135.720203 135.921155 136.212205 136.294672 136.629874 137.489835
5.240000 135.979805 136.205369 136.545763 136.645040 137.048841 138.098134
5.260000 136.214214 136.508375 136.876985 136.999528 137.486713 138.526159
5.280000 136.542307 136.807079 137.234141 137.362885 137.928322 138.893914
5.300000 136.836567 137.135078 137.589060 137.717792 138.338394 139.401354
5.340000 137.339297 137.751986 138.287455 138.404641 139.090927 140.115904
5.360000 137.633951 138.061219 138.648601 138.763220 139.500085 140.569944
5.380000 137.924519 138.395295 139.020207 139.133701 139.958447 140.879227
5.400000 138.262502 138.738641 139.400773 139.523155 140.443930 141.369505
5.420000 138.609225 139.085480 139.775989 139.915202 140.833038 141.776292
5.440000 138.959595 139.417785 140.170970 140.308932 141.284136 142.278906
5.460000 139.258203 139.803589 140.549951 140.682397 141.685967 142.675742
5.480000 139.563877 140.122139 140.894985 141.041618 142.100807 142.987894
5.500000 139.915603 140.479090 141.266027 141.407399 142.453444 143.365166
5.520000 140.231366 140.832408 141.635230 141.790798 142.837085 143.795293
5.540000 140.496687 141.164078 142.039454 142.154722 143.198476 144.183995
5.560000 140.848200 141.545653 142.441583 142.538997 143.563858 144.580881
5.580000 141.208742 141.921311 142.841134 142.915316 143.935649 145.093435
5.600000 141.557637 142.236872 143.219764 143.296680 144.342716 145.582710
5.620000 141.816592 142.590845 143.595252 143.684896 144.745375 146.110988
5.640000 142.129115 142.937813 144.036478 144.084504 145.197856 146.560088
5.660000 142.485748 143.284272 144.466957 144.506906 145.648826 147.055756
5.680000 142.864744 143.648959 144.936273 144.973154 146.156345 147.743364
5.700000 143.179648 144.053021 145.381503 145.439331 146.646958 148.346065
