depth(m) lower_95(kyr) lower_68(kyr) median(kyr) mean(kyr) upper_68(kyr) upper_95(kyr)
0.010000 5.656641 6.027425 6.298393 6.263238 6.509010 6.691224
0.030000 6.119280 6.322040 6.522602 6.519112 6.707179 6.871628
0.070000 6.494578 6.720631 6.946138 6.953213 7.167408 7.508062
0.100000 6.776106 7.016770 7.274467 7.294458 7.565970 7.892068
0.130000 7.075717 7.326964 7.606036 7.629897 7.947737 8.343408
0.170000 7.426201 7.703303 7.991761 8.024853 8.350978 8.804167
0.200000 7.690633 7.999904 8.298292 8.341053 8.692918 9.210903
0.230000 7.980534 8.287040 8.604899 8.649391 9.003216 9.601194
0.270000 8.445237 8.698966 9.004798 9.074658 9.442791 10.051492
0.300000 8.738963 9.014438 9.357880 9.406281 9.774808 10.421361
0.370000 9.428106 9.794460 10.196853 10.243380 10.638249 11.730974
0.400000 9.925725 10.556951 12.073752 11.735755 12.421219 12.745579
0.430000 10.902997 12.060524 12.680464 12.639789 13.221761 13.996172
0.470000 12.663632 13.093535 13.514605 13.761709 14.653866 14.993722
0.500000 13.278557 13.710124 14.277076 14.317583 14.977676 15.282196
0.530000 14.134454 14.544631 15.029454 14.981425 15.376465 15.633384
0.570000 14.662766 15.199058 15.565561 15.538081 15.871457 16.213353
0.600000 14.873010 15.562688 15.912645 15.897686 16.274542 16.679744
0.630000 15.122074 15.871082 16.204748 16.205902 16.609538 17.036473
0.670000 16.310000 16.617276 17.019628 17.166393 17.614331 19.213422
0.700000 16.749233 17.049158 17.523631 17.718421 18.254427 19.883857
0.730000 17.061439 17.503052 18.180516 18.311855 19.013788 20.495497
0.770000 17.397091 18.012465 18.973108 19.076894 20.155237 21.201672
0.800000 17.683724 18.498592 19.436087 19.558178 20.750782 21.641480
0.830000 17.920432 18.911073 19.835510 19.969976 21.209570 22.148024
0.870000 18.295083 19.419661 20.316925 20.457645 21.737862 22.918246
0.900000 18.644042 19.747782 20.649662 20.813979 22.039476 23.360427
0.930000 19.059708 20.147215 20.981956 21.143772 22.333524 23.722320
0.970000 19.637889 20.652761 21.359864 21.562742 22.696379 24.163606
1.000000 20.142181 21.021979 21.646636 21.890797 22.972628 24.463469
1.030000 20.442110 21.395582 22.010136 22.243270 23.393615 24.736389
1.070000 20.933839 21.865543 22.539772 22.783217 24.055551 25.073327
1.100000 21.248963 22.203960 22.930671 23.170197 24.459536 25.313075
1.130000 21.535375 22.471824 23.421075 23.544209 24.816395 25.523432
1.170000 21.877825 22.877700 24.090467 24.037421 25.173428 25.819870
1.200000 22.136856 23.275621 24.564664 24.413813 25.483186 26.112766
1.230000 22.369748 23.633362 24.925280 24.759861 25.792985 26.334054
1.270000 22.811395 24.269519 25.400397 25.226991 26.185567 26.702317
1.300000 23.307105 24.698957 25.751400 25.591381 26.507335 27.075967
1.330000 23.713414 25.144982 26.127029 25.955471 26.782377 27.344905
1.370000 24.254421 25.631746 26.563050 26.430375 27.204710 27.997716
1.400000 24.713106 26.021294 26.897141 26.801186 27.526029 28.467484
1.430000 25.271149 26.457249 27.235811 27.190851 27.884331 28.908327
1.470000 26.141024 26.991579 27.711591 27.745883 28.480282 29.635224
1.500000 26.672013 27.357044 28.061344 28.170990 29.105629 30.115599
1.520000 26.990511 27.628572 28.333724 28.457850 29.514040 30.381157
1.540000 27.320645 27.916076 28.616894 28.755807 29.758501 30.589858
1.560000 27.540778 28.193227 28.962641 29.055832 29.981361 30.821398
1.580000 27.750820 28.487304 29.326216 29.355267 30.244095 31.014552
1.600000 28.086193 28.798677 29.639671 29.665320 30.538188 31.201192
1.620000 28.422778 29.131544 29.977748 29.962639 30.790512 31.409952
1.640000 28.706931 29.461325 30.281355 30.250775 31.052305 31.596604
1.660000 28.997800 29.812804 30.539184 30.526213 31.273664 31.775757
1.680000 29.246116 30.184762 30.828682 30.801781 31.516274 31.983154
1.700000 29.584141 30.533881 31.080239 31.072631 31.729210 32.157275
1.720000 29.859344 30.841504 31.360733 31.344335 31.933932 32.393003
1.740000 30.357303 31.128885 31.608561 31.613274 32.149104 32.596559
1.760000 30.797951 31.456499 31.886215 31.895206 32.369774 32.890179
1.780000 31.252558 31.729785 32.139844 32.154518 32.578850 33.115204
1.800000 31.580799 31.992839 32.373180 32.404600 32.853126 33.347334
1.820000 31.849241 32.204269 32.579754 32.631018 33.082167 33.549192
1.840000 32.015294 32.352615 32.765886 32.877679 33.497524 34.124366
1.860000 32.162276 32.506208 32.915763 33.119329 33.908392 34.710246
1.880000 32.344387 32.663615 33.072804 33.370946 34.330953 35.435878
1.900000 32.490896 32.818389 33.219633 33.637593 34.800241 36.085618
1.920000 32.627569 32.953762 33.393799 33.901845 35.280801 37.047770
1.940000 32.768026 33.105336 33.543343 34.176630 35.714477 38.181859
1.960000 32.910239 33.245957 33.687331 34.474308 36.146125 38.947083
1.980000 33.039342 33.399974 33.837208 34.772072 36.637741 39.329587
2.000000 33.221716 33.532599 33.970778 35.063952 37.287760 39.806431
2.020000 33.352194 33.671416 34.106656 35.383139 38.494703 40.276590
2.040000 33.492098 33.813515 34.252756 35.700532 39.156107 40.800064
2.060000 33.626365 33.942696 34.384456 35.973863 39.631649 41.107695
2.080000 33.738238 34.089657 34.528678 36.227046 40.004049 41.564604
2.100000 33.883996 34.217796 34.665036 36.481506 40.394475 41.786488
2.120000 34.014754 34.360848 34.820677 36.722733 40.767589 42.042097
2.140000 34.140564 34.478059 34.964930 36.947654 41.143605 42.314110
2.160000 34.290493 34.641176 35.132710 37.162580 41.509384 42.588790
2.200000 34.529308 34.908795 35.444697 37.681316 42.091348 43.479993
2.220000 34.678844 35.058488 35.624867 37.920466 42.433304 44.109973
2.240000 34.827417 35.216889 35.795097 38.151407 42.684653 44.561708
2.260000 34.991970 35.363422 35.979907 38.410608 43.037155 45.194489
2.280000 35.154337 35.550907 36.139905 38.679587 43.376291 45.702758
2.300000 35.301148 35.720992 36.325462 38.927535 43.821309 45.893873
2.320000 35.477781 35.882935 36.487278 39.188418 44.276646 46.101484
2.340000 35.667242 36.049836 36.650751 39.447826 44.687933 46.449843
2.360000 35.852285 36.207743 36.803039 39.693478 45.080124 46.819467
2.380000 36.025367 36.380973 37.006534 39.942939 45.422995 47.170402
2.400000 36.192005 36.547822 37.189846 40.192689 45.837562 47.467989
2.420000 36.390282 36.730781 37.362943 40.446811 46.171187 47.876266
2.440000 36.566822 36.904577 37.561000 40.701637 46.495055 48.156518
2.460000 36.751097 37.090530 37.740084 40.950036 46.781592 48.393673
2.480000 36.936245 37.281496 37.932360 41.196861 47.130165 48.788749
2.500000 37.179441 37.480531 38.094884 41.449144 47.486118 49.139562
2.520000 37.354090 37.700290 38.269912 41.690516 47.845099 49.519524
2.540000 37.623786 37.932884 38.476995 41.943978 48.138257 49.885693
2.560000 37.856163 38.205017 38.817626 42.239741 48.508441 50.255301
2.580000 38.114780 38.539005 39.323899 42.585107 48.781580 50.690512
2.600000 38.334969 38.896388 39.902686 42.960297 49.137482 50.868973
2.620000 38.736818 39.367991 40.682268 43.409406 49.549713 51.198685
2.640000 39.007170 39.880803 41.457944 43.907911 49.818205 51.437162
2.660000 39.397646 40.470371 42.177358 44.367004 50.136775 51.693063
2.680000 40.009011 41.107993 42.725110 44.826745 50.483293 51.958526
2.700000 40.342585 41.758787 43.298659 45.302084 50.751326 52.262707
2.720000 40.901751 42.435496 43.879478 45.752789 51.083339 52.448818
2.740000 41.611386 42.900489 44.321869 46.154584 51.401840 52.680049
2.760000 42.432611 43.264749 44.881294 46.521718 51.766990 52.965905
2.780000 42.767144 43.541144 45.551948 46.844213 51.996990 53.216396
2.800000 43.103241 43.766624 46.270418 47.150224 52.210031 53.436695
2.820000 43.353714 43.968716 46.649672 47.435912 52.463929 53.636024
2.840000 43.539323 44.175716 47.046065 47.730034 52.707448 53.887957
2.860000 43.766789 44.359296 47.402670 48.001283 52.942318 54.063043
2.880000 43.973885 44.538550 47.739047 48.256183 53.144914 54.221469
2.900000 44.117417 44.771409 47.945608 48.506847 53.338200 54.368515
2.920000 44.319946 45.010101 48.222018 48.759038 53.547169 54.560474
2.940000 44.525751 45.278680 48.540681 49.021187 53.758933 54.760529
2.960000 44.765049 45.573456 48.719438 49.285983 53.987379 54.925549
2.980000 44.975790 45.846115 48.931050 49.540894 54.165905 55.079315
3.000000 45.173075 46.152428 49.156500 49.803010 54.336569 55.257796
3.020000 45.346358 46.482684 49.389603 50.065738 54.535091 55.428888
3.040000 45.541211 46.771803 49.620988 50.312138 54.723839 55.599381
3.060000 45.744271 47.061373 49.897692 50.580671 54.895116 55.733772
3.080000 45.929739 47.358646 50.083080 50.835505 55.086382 55.895347
3.100000 46.088011 47.682373 50.331322 51.084988 55.284622 56.008907
3.120000 46.255629 47.943315 50.558928 51.339547 55.472880 56.151610
3.140000 46.403542 48.247236 50.777749 51.598512 55.628329 56.330681
3.160000 46.636103 48.539563 51.043947 51.863876 55.838238 56.575328
3.180000 46.826492 48.866749 51.244507 52.129766 56.025334 56.711687
3.200000 47.066105 49.134679 51.526023 52.387339 56.211070 56.916729
3.220000 47.243062 49.445711 51.791565 52.636663 56.386751 57.090826
3.240000 47.399749 49.711317 52.049062 52.879706 56.586729 57.307985
3.260000 47.695795 50.028204 52.320335 53.123935 56.785625 57.532127
3.280000 47.881930 50.315132 52.650288 53.371098 56.955001 57.710622
3.300000 48.085223 50.618985 52.960156 53.621114 57.132297 57.890686
3.320000 48.378917 50.926719 53.419296 53.899950 57.333273 58.142696
3.360000 48.797170 51.471803 54.386808 54.492500 57.715102 58.558190
3.380000 49.020265 51.715798 54.744794 54.751656 57.916647 58.787256
3.400000 49.241105 51.959928 55.118077 55.016869 58.092005 58.977147
3.440000 49.588154 52.596606 55.780599 55.614164 58.514597 59.385605
3.460000 49.772921 52.899078 56.079600 55.885485 58.752200 59.598060
3.480000 50.068680 53.276048 56.440392 56.152569 58.966391 59.787468
3.500000 50.267308 53.569988 56.733369 56.415883 59.173736 59.980083
3.520000 50.590023 53.953530 57.055905 56.694531 59.390420 60.197355
3.540000 50.784314 54.288886 57.349763 56.966561 59.639966 60.382569
3.560000 51.102919 54.633905 57.602248 57.236094 59.853684 60.554629
3.620000 51.964407 55.719239 58.948451 58.098718 60.367967 61.085594
3.640000 52.294902 56.002134 59.267756 58.354912 60.561268 61.266367
3.660000 52.411208 56.292340 59.519361 58.607735 60.756282 61.422606
3.680000 53.079311 56.600128 59.801450 58.870590 60.936877 61.571911
3.700000 53.639682 56.969405 60.032988 59.154805 61.079791 61.721527
3.740000 55.725599 58.016770 60.478943 59.914004 61.370241 62.019189
3.760000 56.042343 58.495569 60.683177 60.217745 61.553969 62.175337
3.780000 56.408758 59.024730 60.954080 60.504254 61.740671 62.353185
3.800000 56.776384 59.535909 61.181083 60.779409 61.906820 62.550094
3.820000 57.388286 60.036598 61.380178 61.047413 62.080912 62.704896
3.840000 58.038344 60.531901 61.605610 61.348674 62.255943 62.876051
3.860000 58.447338 60.857162 61.817396 61.608485 62.457244 63.055174
3.880000 59.351333 61.173397 62.018828 61.862813 62.654878 63.243405
3.900000 60.019050 61.403825 62.251740 62.111641 62.836076 63.455716
3.920000 60.674254 61.712488 62.452433 62.368322 63.058638 63.629554
3.940000 61.264491 62.018290 62.671009 62.639639 63.292787 63.857389
3.960000 61.663330 62.309667 62.927697 62.918091 63.560388 64.123878
3.980000 61.980786 62.563960 63.178844 63.185797 63.792599 64.420690
4.000000 62.235933 62.777227 63.443910 63.431246 64.071095 64.612866
4.020000 62.435101 62.990575 63.686589 63.662501 64.351550 64.848801
4.040000 62.617446 63.194772 63.912542 63.887210 64.582263 65.108391
4.060000 62.774877 63.430419 64.130372 64.109540 64.822161 65.305322
4.080000 62.993325 63.650136 64.359002 64.328554 65.028371 65.525274
4.100000 63.183778 63.846541 64.558225 64.531211 65.226304 65.739993
4.120000 63.370984 64.053974 64.753605 64.736038 65.426045 65.962132
4.140000 63.548025 64.247912 64.958552 64.930281 65.622810 66.153633
4.160000 63.757565 64.451389 65.129512 65.125777 65.789873 66.325580
4.180000 64.014204 64.656947 65.349544 65.329671 65.966448 66.650720
4.200000 64.197713 64.886963 65.560152 65.538521 66.154589 66.856401
4.220000 64.375181 65.105843 65.753399 65.742700 66.347317 67.086580
4.240000 64.595328 65.327078 65.959810 65.953872 66.550535 67.299052
4.260000 64.795749 65.579328 66.169012 66.168116 66.760917 67.472509
4.280000 65.016827 65.778380 66.378082 66.382543 66.973906 67.757346
4.300000 65.298298 66.013334 66.606708 66.604050 67.179913 67.995788
4.320000 65.550517 66.267487 66.829102 66.824887 67.387915 68.168306
4.340000 65.796869 66.481953 67.061700 67.050135 67.593403 68.381787
4.360000 66.097906 66.720054 67.290076 67.294126 67.828322 68.587217
4.380000 66.439780 66.992803 67.534784 67.550044 68.092209 68.819709
4.400000 66.784774 67.316394 67.831082 67.845542 68.359318 69.167409
4.420000 67.125004 67.636435 68.151522 68.179133 68.723222 69.460547
4.440000 67.407429 67.965141 68.478118 68.524614 69.123487 69.832556
4.460000 67.746907 68.302059 68.880589 68.907634 69.572586 70.218518
4.500000 68.253008 68.833823 69.521911 69.588057 70.333434 71.216923
4.600000 69.437328 70.207938 71.256936 71.430539 72.727220 74.142116
4.700000 70.542487 71.747432 73.348862 73.557439 75.155027 77.882556
4.800000 71.636290 74.078591 77.309403 76.690066 79.056254 81.025044
4.900000 72.720961 75.981654 81.619850 81.225022 86.481325 87.250377
5.000000 73.622033 77.828671 87.883593 85.250637 88.593089 89.111161
5.100000 74.745340 84.345243 89.094758 87.364586 89.752382 90.336606
5.200000 78.142228 88.880970 90.300402 88.893128 91.079079 92.333927
5.300000 80.688815 90.236175 92.022169 91.555957 94.204557 98.401833
5.400000 84.481255 92.067995 94.825039 94.454498 97.062165 101.225832
5.500000 92.148029 95.734573 98.232066 98.128972 101.058123 103.053624
5.600000 95.441784 98.999875 101.573188 101.197219 103.447104 104.972000
5.700000 99.988876 102.752244 104.251049 104.029864 105.412876 106.810031
5.800000 103.683637 105.165626 106.139799 106.127317 107.205880 108.449433
5.900000 106.030811 107.083673 107.898298 107.913768 108.813546 109.684069
6.000000 108.183721 108.923625 109.618164 109.633682 110.362635 111.173615
6.100000 109.643945 110.522755 111.235231 111.241482 112.026358 112.741617
6.200000 111.371520 112.137642 113.018470 113.177403 114.217692 116.043845
6.300000 121.206077 122.406498 123.824927 123.890715 125.448348 127.053646
6.400000 124.160306 125.748693 127.177316 127.085403 128.423815 129.720517
6.500000 127.862256 129.305876 130.386389 130.457506 131.740946 133.078283
6.600000 133.493664 134.059358 134.504950 134.483080 134.889549 135.371312
6.700000 135.754373 136.206589 136.848758 136.973658 137.689104 138.972311
6.800000 137.040239 137.844608 138.713491 138.845555 139.913538 141.414070
6.900000 138.473247 139.358510 140.433340 140.569580 141.761282 143.413319
7.000000 140.005940 141.045388 142.228363 142.329857 143.663138 145.303359
7.100000 141.459212 142.784496 144.076659 144.208628 145.716107 147.236160
7.200000 143.398781 144.663317 146.267063 146.364350 148.152953 149.575017
