depth(m) lower_95(kyr) lower_68(kyr) median(kyr) mean(kyr) upper_68(kyr) upper_95(kyr)
0.010000 0.323734 1.161993 2.268176 2.111556 2.959010 3.314744
0.060000 0.891099 1.758875 2.718922 2.576861 3.335944 3.648240
0.110000 1.476355 2.299377 3.152670 3.025241 3.667474 4.006255
0.160000 2.124652 2.867251 3.557632 3.457432 4.013050 4.324849
0.210000 2.915664 3.481289 3.960154 3.913176 4.346507 4.623248
0.260000 3.719712 4.052685 4.394297 4.377805 4.695629 4.924788
0.280000 4.035709 4.290439 4.606583 4.589796 4.866335 5.115891
0.310000 4.276558 4.560233 4.921754 4.938392 5.279173 5.828443
0.360000 4.622509 5.016106 5.493428 5.550634 6.051912 6.816887
0.410000 5.048833 5.545648 6.193790 6.211795 6.857889 7.745807
0.460000 5.528643 6.172798 6.940797 6.952102 7.713717 8.480746
0.510000 6.095143 6.977706 7.828631 7.802374 8.576898 9.473984
0.560000 7.152959 8.205288 8.806222 8.835473 9.557365 10.303316
0.610000 7.964638 8.894764 9.607801 9.599373 10.345297 10.976632
0.660000 8.818916 9.649690 10.349673 10.325044 11.043299 11.543929
0.710000 9.660212 10.428144 11.134609 11.044976 11.645741 12.062350
0.760000 10.347918 11.140298 11.731446 11.645032 12.163173 12.488641
0.810000 11.430163 11.934307 12.298520 12.274172 12.640322 12.956038
0.860000 12.077368 12.413660 12.739694 12.733029 13.059971 13.325445
0.910000 12.506486 12.794452 13.105426 13.093331 13.395390 13.672955
0.960000 12.835943 13.134284 13.420229 13.415001 13.714468 13.983265
1.010000 13.165364 13.449223 13.723840 13.717709 14.000026 14.250628
1.060000 13.479272 13.764406 14.030642 14.020104 14.280878 14.532466
1.110000 13.775153 14.058085 14.326738 14.314718 14.577137 14.785874
1.160000 14.070231 14.355577 14.606596 14.601154 14.853195 15.085675
1.210000 14.374562 14.644401 14.901017 14.894613 15.143656 15.365014
1.260000 14.721749 14.990601 15.234471 15.225372 15.469463 15.703915
1.310000 15.052820 15.341496 15.574967 15.572776 15.806233 16.034864
1.360000 15.347178 15.654874 15.910870 15.904083 16.148860 16.464377
1.410000 15.651799 15.934264 16.215957 16.216590 16.486861 16.802961
1.460000 15.980893 16.261307 16.540340 16.557046 16.833235 17.220410
1.510000 16.293374 16.559079 16.874115 16.909173 17.237382 17.779558
1.560000 16.577534 16.855201 17.191710 17.269181 17.665926 18.368544
1.610000 16.865522 17.160563 17.530066 17.635389 18.096389 18.899486
1.660000 17.147987 17.480971 17.882867 18.014178 18.564864 19.472309
1.710000 17.416390 17.784493 18.217742 18.369717 18.988168 19.949192
1.760000 17.723030 18.087929 18.551222 18.730199 19.409764 20.379704
1.810000 17.995761 18.407382 18.907365 19.088341 19.779070 21.060822
1.860000 18.349871 18.719312 19.257974 19.434582 20.131372 21.397779
1.910000 18.657749 19.049569 19.611903 19.787682 20.510370 21.772442
1.960000 18.987582 19.403853 20.005868 20.151384 20.872595 22.208951
2.010000 19.316948 19.750592 20.409932 20.521583 21.188751 22.681590
2.110000 19.850395 20.456533 21.128285 21.246573 21.919856 23.708284
2.160000 20.180517 20.818116 21.521054 21.650502 22.351030 24.286124
2.210000 20.552989 21.220856 21.936637 22.110722 22.931285 24.917981
2.260000 20.975301 21.660940 22.414606 22.641678 23.767059 25.523617
2.310000 21.429216 22.134317 22.967383 23.216507 24.461170 26.158333
2.360000 21.915195 22.665218 23.694062 23.873681 25.119046 26.646496
2.410000 22.471027 23.380680 24.456071 24.586847 25.822049 27.349062
2.460000 23.088855 24.073924 25.212082 25.318506 26.518051 28.347066
2.510000 23.621660 24.856968 25.971522 26.098106 27.328463 29.326996
2.560000 24.494190 25.735023 26.888723 27.014470 28.321776 30.346270
2.610000 25.389945 26.698376 27.844426 27.985267 29.423553 31.332431
2.660000 26.239680 27.514806 28.750436 28.889062 30.355218 32.064147
2.710000 27.159626 28.301686 29.605969 29.728362 31.192319 32.552926
2.760000 27.868308 29.103093 30.551037 30.538353 32.019461 33.055207
2.810000 28.328334 29.881725 31.432111 31.302943 32.700983 33.639596
2.860000 28.937841 30.511247 32.222412 32.017330 33.395853 34.241067
2.910000 29.490815 31.264712 33.026968 32.757937 34.010495 34.787244
2.960000 30.238498 32.101018 33.679534 33.440734 34.609908 35.393420
3.010000 31.248824 32.897694 34.219764 34.018095 35.056057 35.995664
3.060000 32.005452 33.473909 34.709953 34.550309 35.542563 36.405707
3.110000 32.871828 34.228035 35.248556 35.138390 35.993850 36.963554
3.160000 33.745826 34.778322 35.726473 35.670352 36.440885 37.782386
3.210000 34.404538 35.378490 36.222408 36.210793 36.878252 38.541870
3.260000 35.293773 36.066229 36.696885 36.763166 37.290045 39.151669
3.310000 36.077680 36.666492 37.159270 37.320920 37.824556 39.988966
3.330000 36.253498 36.875615 37.340654 37.530362 38.067600 40.436616
3.360000 36.536156 37.118859 37.586884 37.815594 38.347790 40.950825
3.410000 36.939145 37.473191 37.996939 38.351099 38.847961 42.934869
3.460000 37.396921 37.873370 38.382215 38.897277 39.371732 43.879827
3.510000 37.812739 38.289255 38.818702 39.466457 40.419398 44.744288
3.560000 38.228043 38.710750 39.359293 40.129337 41.834213 45.375302
3.610000 38.677643 39.178777 40.076924 40.885745 43.090271 46.438598
3.660000 39.120793 39.673127 40.843884 41.650345 44.037120 47.245507
3.710000 39.597508 40.348800 41.706522 42.411250 44.828226 48.270069
3.760000 40.222869 41.093783 42.542094 43.181860 45.565023 48.923511
3.810000 40.866557 41.906807 43.350899 43.960701 46.204561 49.935231
3.860000 41.465252 42.729981 44.178156 44.755662 46.988389 50.501509
3.910000 42.396879 43.489523 45.003944 45.529678 47.689478 51.305507
3.960000 43.093716 44.179718 45.856358 46.258606 48.428311 51.824720
4.010000 43.510191 44.926759 46.543628 46.945614 49.074225 52.337856
4.060000 43.871115 45.662020 47.177563 47.633845 49.907362 52.903136
4.110000 44.469290 46.448597 47.828771 48.321047 50.741383 53.389144
4.160000 44.897185 47.177033 48.432526 48.936627 51.496581 53.946789
4.210000 45.409072 47.834243 49.111273 49.565176 52.278174 54.429832
4.260000 45.975389 48.366695 49.783238 50.188702 52.828282 54.914469
4.310000 46.660185 48.993328 50.452072 50.811788 53.430615 55.350501
4.360000 47.285338 49.666359 51.106795 51.440751 53.956582 55.793887
4.410000 48.253472 50.351042 51.742589 52.086536 54.673460 56.279603
4.460000 48.951763 50.975616 52.432034 52.728962 55.235135 56.696895
4.510000 49.644843 51.757740 53.105976 53.394120 55.770856 57.113339
4.560000 50.571616 52.447589 53.802272 54.041364 56.256754 57.496977
4.610000 51.072122 53.133644 54.458996 54.677988 56.759933 57.932430
4.660000 51.849965 53.747894 55.173063 55.304252 57.241333 58.315895
4.710000 52.418178 54.418221 55.945588 55.941281 57.688993 58.696434
4.760000 53.048341 55.146410 56.682125 56.579025 58.139406 59.114638
4.810000 53.700228 55.829461 57.365048 57.243302 58.674214 59.563210
4.860000 54.639809 56.576222 58.034222 57.861740 59.101972 60.018198
4.910000 55.346860 57.369296 58.610390 58.464927 59.596770 60.411500
4.960000 56.312583 58.102262 59.234939 59.071559 60.111428 60.893692
5.010000 57.185472 58.732598 59.822179 59.656901 60.609398 61.342060
5.060000 57.992050 59.453511 60.402215 60.271276 61.163225 61.848404
5.110000 58.790570 60.229065 61.029455 60.952344 61.790304 62.517610
5.160000 59.441171 60.831314 61.631590 61.562842 62.390357 63.177549
5.210000 60.022776 61.362947 62.196793 62.154409 63.037809 63.921272
5.260000 60.755123 61.810625 62.693972 62.697968 63.634564 64.472065
5.310000 61.222982 62.295165 63.206544 63.189839 64.169092 65.174894
5.360000 61.609060 62.737353 63.641594 63.640706 64.655615 65.639924
5.410000 62.059229 63.124307 64.101706 64.094493 65.122281 66.162535
5.460000 62.462496 63.567639 64.556435 64.554813 65.582026 66.693626
5.510000 63.027029 63.988831 64.997790 64.997345 66.037886 67.178813
5.560000 63.524872 64.439547 65.438224 65.450981 66.512544 67.616031
5.610000 64.060804 64.906132 65.894938 65.930717 66.967052 68.018793
5.660000 64.491187 65.422673 66.406266 66.434748 67.455560 68.461066
5.710000 64.960276 65.888420 66.933656 66.949320 67.955945 69.078393
5.760000 65.524330 66.489862 67.505437 67.538952 68.544007 69.741477
5.810000 66.243990 67.229948 68.221019 68.255641 69.227385 70.513683
5.860000 67.327162 68.124136 69.044368 69.128114 70.165443 71.481919
5.910000 68.406416 69.162063 70.191714 70.243350 71.276405 72.488408
5.960000 69.121716 69.946359 71.150261 71.147856 72.360462 73.244313
6.010000 69.704227 70.723257 72.146312 72.026396 73.229452 73.956497
6.060000 70.318381 71.710964 73.030900 72.884039 73.958972 74.698556
6.110000 71.002646 72.723012 73.888809 73.742570 74.717393 75.650004
6.160000 71.726301 73.714679 74.697537 74.574421 75.425292 76.503725
6.210000 72.908072 74.690848 75.440164 75.391495 76.192102 77.158195
6.260000 73.657919 75.409167 76.139306 76.111295 76.918440 78.024251
6.310000 74.933974 76.069602 76.902292 76.882236 77.755573 78.720445
6.360000 75.630301 76.748456 77.643831 77.599361 78.506553 79.290366
6.410000 76.267269 77.393682 78.325451 78.254300 79.218947 79.792010
6.460000 76.813014 78.048602 79.002806 78.904424 79.802466 80.375771
6.510000 77.526397 78.752103 79.663734 79.552385 80.352867 80.916421
6.560000 78.331298 79.384392 80.296626 80.173370 80.918878 81.501917
6.610000 79.076214 80.114512 80.883610 80.771709 81.451953 81.939408
6.660000 79.771064 80.672219 81.380437 81.282469 81.912136 82.326423
6.710000 80.380236 81.225283 81.838254 81.773176 82.332439 82.756619
6.760000 81.067841 81.748739 82.314983 82.259177 82.756246 83.148099
6.810000 81.536902 82.242617 82.764591 82.710836 83.193342 83.553807
6.860000 82.022896 82.695823 83.183900 83.150924 83.614046 83.960974
6.910000 82.667747 83.154093 83.612892 83.590843 84.032732 84.370099
6.960000 83.124566 83.608269 84.053193 84.021680 84.439258 84.792990
7.010000 83.581236 84.039815 84.457151 84.433676 84.835569 85.169157
7.060000 83.961301 84.450809 84.861128 84.838647 85.249498 85.578833
7.110000 84.418147 84.857634 85.261581 85.241224 85.646322 85.989763
7.160000 84.841433 85.265905 85.646261 85.647436 86.035529 86.426712
7.210000 85.302689 85.727188 86.102024 86.105361 86.480525 86.910540
7.260000 85.809147 86.235998 86.623602 86.638180 87.035111 87.550719
7.310000 86.544510 86.927783 87.354297 87.415080 87.890809 88.540719
7.360000 87.187151 87.607143 88.146393 88.193341 88.769566 89.423031
7.410000 87.782399 88.197189 88.783678 88.825748 89.457076 90.130846
7.460000 88.306504 88.749351 89.395238 89.427788 90.085241 90.816734
7.510000 88.823602 89.354789 90.051632 90.080439 90.768008 91.554856
7.560000 89.389594 90.047504 90.773512 90.813297 91.613829 92.456286
7.610000 89.928987 90.600159 91.401755 91.439402 92.295200 93.264026
7.660000 90.552137 91.232486 92.024346 92.089519 92.978700 93.956085
7.710000 91.169002 91.818933 92.715061 92.766884 93.694757 94.625127
7.760000 91.741708 92.409944 93.446984 93.442019 94.420592 95.332430
7.810000 92.262756 93.068043 94.088754 94.092933 95.097800 95.992843
7.860000 92.780251 93.699692 94.727572 94.770855 95.850497 97.021867
7.910000 93.340024 94.344811 95.443046 95.494595 96.620501 98.181579
7.960000 93.956124 94.934828 96.081417 96.183521 97.386874 99.188152
8.010000 94.572287 95.549433 96.690871 96.875884 98.247969 100.206893
8.060000 95.117870 96.183079 97.473215 97.639187 99.079572 101.080250
8.110000 95.684407 96.771552 98.266373 98.349478 99.863797 101.890292
8.160000 96.167761 97.383155 98.998917 99.055695 100.598299 102.465649
8.210000 96.820745 98.158250 99.693638 99.755760 101.418368 103.055028
8.260000 97.378851 98.884250 100.390150 100.467407 102.128523 103.792788
8.310000 98.176999 99.585361 101.022790 101.131310 102.845449 104.457011
8.360000 98.811980 100.216947 101.651653 101.781337 103.426288 105.214705
8.410000 99.547150 100.813813 102.280944 102.424285 104.038431 106.155513
8.460000 100.279427 101.543018 103.028928 103.120894 104.708865 106.681346
8.510000 101.117232 102.261924 103.839854 103.892805 105.424182 107.285508
8.560000 101.866633 103.200618 104.712500 104.710804 106.199210 107.733974
8.610000 102.575296 103.939624 105.484842 105.455743 106.924541 108.348510
8.660000 103.406311 104.798503 106.201179 106.187789 107.561978 108.906395
8.710000 104.209365 105.546722 106.914308 106.911649 108.219099 109.652630
8.760000 104.973283 106.242660 107.624701 107.602181 108.830739 110.305092
8.810000 105.874481 107.092924 108.315939 108.313308 109.524373 110.917863
8.860000 106.713630 107.921867 108.975365 109.030548 110.180773 111.474997
8.910000 107.891368 108.770640 109.667623 109.751607 110.807303 112.068969
8.960000 108.768343 109.510874 110.412905 110.478166 111.400358 112.614898
9.010000 109.599084 110.265683 111.200804 111.226324 112.089214 113.289077
9.060000 110.364800 111.172022 112.078073 112.106690 112.893304 114.399953
9.110000 111.337079 112.352630 113.284068 113.362265 114.366669 116.045994
9.160000 112.881128 113.990794 115.031940 115.097066 116.272811 117.449349
9.210000 113.761348 115.023469 116.207901 116.178979 117.355089 118.335575
9.260000 115.283653 116.499253 117.694568 117.588771 118.671389 119.415315
9.310000 117.359044 118.463533 119.301085 119.257617 120.045174 120.848098
9.360000 118.795260 119.510772 120.241490 120.272049 121.060304 121.792038
9.410000 119.588936 120.240190 120.962991 121.006407 121.787612 122.598153
9.460000 120.121662 120.791350 121.556210 121.612749 122.409763 123.211797
9.510000 120.638365 121.338849 122.131873 122.188966 123.019676 123.889430
9.560000 121.260223 121.997565 122.799244 122.836275 123.669633 124.609572
9.610000 121.872868 122.632567 123.452414 123.473566 124.326488 125.326481
9.660000 122.487157 123.235634 124.074177 124.097850 124.986363 125.913608
9.710000 123.023499 123.803243 124.694533 124.715766 125.585813 126.490710
9.760000 123.561023 124.382795 125.315482 125.303953 126.188080 127.065878
9.810000 124.156947 125.015131 125.892767 125.905128 126.802696 127.591941
9.860000 124.683310 125.635681 126.486834 126.478737 127.378844 128.071956
9.910000 125.311202 126.230298 127.136701 127.068878 127.930031 128.554838
9.960000 126.018550 126.859594 127.732870 127.662171 128.458287 128.995642
10.010000 126.794210 127.581468 128.367551 128.315867 129.056013 129.613885
10.060000 127.661557 128.469514 129.167629 129.112799 129.751951 130.223687
10.110000 128.932350 129.634232 130.141287 130.108431 130.603488 131.013562
10.160000 129.956134 130.395412 130.845261 130.836430 131.281688 131.707624
10.210000 130.545335 131.025421 131.486938 131.494421 131.964537 132.412858
10.260000 131.016606 131.589782 132.055103 132.067453 132.589412 133.081125
