depth(m) lower_95(kyr) lower_68(kyr) median(kyr) mean(kyr) upper_68(kyr) upper_95(kyr)
0.020000 0.686478 0.956948 1.232326 1.239847 1.518339 1.871205
0.040000 0.778582 1.013908 1.285453 1.295532 1.571013 1.920965
0.060000 0.854634 1.076042 1.347231 1.355898 1.623936 1.977681
0.080000 0.894785 1.134547 1.410409 1.422988 1.713579 2.043860
0.100000 0.942671 1.183317 1.464567 1.488525 1.771241 2.129488
0.160000 1.096556 1.351473 1.686701 1.777137 2.237884 2.952765
0.200000 1.189541 1.455230 1.821250 1.932225 2.439589 3.279650
0.220000 1.242380 1.505442 1.877703 2.000435 2.534183 3.423168
0.240000 1.285084 1.552615 1.938209 2.065921 2.620117 3.481250
0.260000 1.324742 1.606842 2.001994 2.133041 2.718589 3.572102
0.280000 1.369310 1.656222 2.073926 2.202081 2.818482 3.672718
0.360000 1.558324 1.870268 2.459473 2.661894 3.541305 4.965441
0.400000 1.623773 1.967755 2.611702 2.823406 3.753816 5.312543
0.440000 1.720304 2.084498 2.757583 2.984932 3.937626 5.580700
0.460000 1.759139 2.143665 2.833243 3.055563 4.018539 5.682338
0.500000 1.859729 2.283459 3.011779 3.232072 4.212820 5.927829
0.580000 2.037237 2.550986 3.569222 3.768653 4.966627 6.786587
0.620000 2.149923 2.667468 3.797326 3.958742 5.184818 7.026545
0.680000 2.289197 2.909024 4.156871 4.293530 5.698202 7.457980
0.700000 2.344652 2.959351 4.226781 4.367895 5.828287 7.539379
0.720000 2.401955 3.034969 4.293219 4.442689 5.902640 7.729025
0.760000 2.538179 3.157955 4.446950 4.625138 6.181558 8.027468
0.780000 2.587149 3.215771 4.515301 4.698777 6.255061 8.084375
0.850000 2.794067 3.505897 4.930018 5.161237 6.978847 8.620647
0.870000 2.829283 3.586018 5.005629 5.238329 7.041397 8.723841
0.890000 2.910539 3.662573 5.089543 5.315867 7.098159 8.788846
0.960000 3.249931 4.081647 5.437784 5.695748 7.425520 9.154390
1.075000 4.217565 5.298928 6.508986 6.706613 8.340573 9.797525
1.190000 5.256862 6.478222 7.633883 7.692344 9.044518 10.320355
1.293333 6.197883 7.322659 8.432252 8.476289 9.670749 10.847413
1.396667 7.142686 8.192065 9.309660 9.275733 10.346417 11.259961
1.500000 8.044261 9.128752 10.060168 10.048174 11.045184 11.751280
1.640000 9.075414 10.502645 11.401577 11.311092 12.118166 12.881677
1.660000 9.227407 10.558004 11.475711 11.384643 12.192001 12.974939
1.680000 9.340372 10.627176 11.541829 11.452203 12.252937 13.046955
1.700000 9.445106 10.710974 11.604964 11.516743 12.296790 13.143456
1.720000 9.526444 10.789054 11.661817 11.582000 12.360437 13.223682
1.740000 9.608898 10.881090 11.728864 11.646745 12.428307 13.271919
1.840000 10.238907 11.572383 12.177166 12.163457 12.867396 13.750426
1.940000 10.819106 11.903206 12.461993 12.561748 13.389825 14.533854
1.960000 10.913325 11.944677 12.505190 12.612367 13.446928 14.625901
2.090000 11.248080 12.198036 12.749201 12.889222 13.762105 14.889018
2.220000 11.680310 12.432289 12.980984 13.169409 14.056133 15.137212
2.350000 12.010645 12.656928 13.193152 13.419350 14.340422 15.395933
2.480000 12.293971 12.868750 13.395365 13.662246 14.612819 15.616646
2.610000 12.502365 13.079577 13.625240 13.886772 14.840662 15.846299
2.740000 12.842982 13.279900 13.831479 14.114406 15.038302 16.051974
2.860000 13.095198 13.507342 14.054346 14.331861 15.257068 16.256511
2.880000 13.141352 13.533047 14.097109 14.372884 15.301002 16.272417
2.900000 13.185066 13.601948 14.136483 14.416374 15.351832 16.313237
2.920000 13.214462 13.647704 14.176966 14.457989 15.386474 16.375847
2.940000 13.232689 13.681016 14.214909 14.499973 15.427831 16.444063
2.960000 13.282879 13.736409 14.250365 14.541744 15.470842 16.486256
2.980000 13.321466 13.782372 14.292970 14.580126 15.511255 16.510699
3.000000 13.368337 13.824350 14.324888 14.617174 15.551356 16.560383
3.100000 13.573408 13.988618 14.506156 14.766526 15.695923 16.676457
3.160000 13.653602 14.091793 14.606087 14.863504 15.784902 16.773264
3.200000 13.729793 14.176117 14.688279 14.933623 15.851020 16.844828
3.335385 13.930582 14.375549 14.912395 15.138273 16.019211 17.053751
3.470769 14.140147 14.565089 15.128771 15.346522 16.228105 17.253100
3.606154 14.335858 14.761237 15.332700 15.554216 16.432992 17.458815
3.741538 14.545733 14.959316 15.537079 15.750509 16.630785 17.647070
3.876923 14.763165 15.154749 15.761446 15.953363 16.861424 17.854602
4.012308 14.972954 15.379534 15.996929 16.159537 17.059620 18.115625
4.147692 15.134278 15.578590 16.206947 16.364164 17.233329 18.276216
4.283077 15.348928 15.789169 16.408974 16.577660 17.456014 18.504779
4.418462 15.519120 15.989782 16.627998 16.783857 17.671290 18.691117
4.553846 15.728584 16.194908 16.821058 16.984486 17.881929 18.920728
4.689231 15.928025 16.367468 17.017144 17.191815 18.094895 19.127840
4.824615 16.122402 16.579269 17.202750 17.398604 18.302064 19.308230
4.960000 16.278309 16.793075 17.404733 17.612098 18.522268 19.496564
5.080000 16.466070 16.982011 17.601944 17.807610 18.729423 19.669505
5.200000 16.630246 17.169178 17.798564 18.004537 18.927502 19.814426
5.320000 16.782955 17.353316 18.045645 18.204264 19.105873 20.026087
5.440000 16.956557 17.530119 18.262660 18.414488 19.345174 20.209427
5.500000 17.066773 17.633112 18.389422 18.527451 19.445140 20.318625
5.626667 17.268154 17.823479 18.660786 18.742222 19.657361 20.539454
5.753333 17.468472 18.034962 18.926265 18.957631 19.876239 20.715870
5.880000 17.641322 18.215555 19.182968 19.174745 20.104347 20.929578
5.993333 17.821724 18.402766 19.416730 19.367171 20.297919 21.091867
6.106667 17.979118 18.573043 19.615484 19.560455 20.460012 21.244970
6.220000 18.119425 18.764641 19.827636 19.758058 20.661198 21.368468
6.330000 18.253546 18.958876 20.046117 19.960895 20.874162 21.543372
6.440000 18.435959 19.156050 20.274436 20.159445 21.076473 21.715742
6.550000 18.667914 19.364292 20.509555 20.360990 21.305928 21.876137
6.660000 18.850923 19.558702 20.744724 20.569345 21.569770 22.056443
6.670000 18.868055 19.582174 20.764971 20.591433 21.590843 22.070113
6.700000 18.929684 19.673596 20.849676 20.658237 21.651762 22.120993
6.720000 18.970435 19.720028 20.891323 20.703777 21.682761 22.155339
6.740000 19.020800 19.757577 20.942945 20.750133 21.719513 22.198959
6.760000 19.052685 19.802184 20.985798 20.794234 21.762069 22.225112
6.780000 19.123382 19.851768 21.027382 20.839495 21.801933 22.253686
6.800000 19.162692 19.911016 21.073835 20.886961 21.838700 22.283028
6.860000 19.354358 20.100871 21.215031 21.040209 21.941208 22.332104
6.900000 19.527915 20.233424 21.302992 21.139935 22.019987 22.394539
6.960000 19.701115 20.449766 21.445206 21.290539 22.120187 22.432129
6.980000 19.756415 20.509738 21.494437 21.336601 22.151761 22.472787
7.000000 19.810858 20.585279 21.532019 21.385314 22.184739 22.507272
7.080000 19.958251 20.844331 21.723340 21.587859 22.334163 22.613505
7.100000 20.005010 20.917639 21.768242 21.642818 22.375514 22.644689
7.120000 20.076971 20.986169 21.829990 21.696819 22.411559 22.677788
7.140000 20.189034 21.062740 21.879600 21.751365 22.446390 22.711752
7.200000 20.935871 21.465493 22.040459 21.998758 22.551131 22.796481
7.220000 21.006200 21.534969 22.090232 22.056324 22.595403 22.823257
7.240000 21.113150 21.611977 22.139621 22.111450 22.624197 22.858015
7.260000 21.186525 21.690236 22.193583 22.166004 22.659064 22.889901
7.280000 21.261049 21.754588 22.242250 22.220250 22.695774 22.931550
7.300000 21.376825 21.825680 22.290908 22.275824 22.739216 22.979512
7.320000 21.454670 21.902012 22.338873 22.330753 22.777149 23.018897
7.340000 21.561941 21.984731 22.398726 22.390054 22.814466 23.047044
7.360000 21.641543 22.055428 22.460275 22.450362 22.852519 23.079021
7.400000 21.948599 22.291865 22.622856 22.610356 22.936334 23.157910
7.420000 22.027646 22.354707 22.683986 22.669745 22.978720 23.193556
7.440000 22.130325 22.415397 22.739494 22.727089 23.023832 23.233451
7.460000 22.204219 22.478976 22.792205 22.784704 23.076341 23.293845
7.500000 22.355208 22.632004 22.936550 22.910322 23.188080 23.371049
7.520000 22.430545 22.692384 22.996843 22.967547 23.235291 23.429556
7.550000 22.530626 22.784379 23.073906 23.053517 23.306977 23.510840
