depth(m) lower_95(kyr) lower_68(kyr) median(kyr) mean(kyr) upper_68(kyr) upper_95(kyr)
0.020000 1.031084 2.068673 2.875945 2.767187 3.454107 3.819255
0.040000 1.245829 2.238131 3.036248 2.925784 3.584695 3.960413
0.080000 1.638008 2.697969 3.365868 3.256525 3.831065 4.180844
0.100000 1.808495 2.887394 3.523028 3.418580 3.967320 4.311626
0.140000 2.514158 3.301529 3.825717 3.748459 4.194335 4.505460
0.180000 3.059051 3.765888 4.145146 4.092748 4.443475 4.719278
0.220000 3.935513 4.191070 4.455913 4.450563 4.715066 4.975041
0.260000 4.192276 4.482523 4.787629 4.820057 5.125294 5.760570
0.300000 4.434793 4.737145 5.126423 5.185716 5.612034 6.345510
0.340000 4.676614 5.036087 5.469017 5.565102 6.130310 6.991289
0.380000 4.943224 5.330057 5.837556 5.936954 6.542712 7.451264
0.420000 5.205097 5.687036 6.267564 6.343901 6.983622 7.900042
0.500000 5.814180 6.408743 7.115627 7.197805 7.988321 9.039828
0.540000 6.165789 6.796106 7.571502 7.642177 8.476763 9.498849
0.580000 6.527714 7.274701 8.077855 8.125349 9.035145 9.909595
0.660000 7.918811 8.709049 9.561273 9.509703 10.292244 10.915991
0.700000 8.602150 9.414068 10.108928 10.072093 10.754773 11.326077
0.740000 9.066805 9.896601 10.600973 10.537891 11.173587 11.697038
0.780000 9.770799 10.482993 11.132641 11.072981 11.662183 12.057310
0.820000 10.407174 11.052759 11.667001 11.596809 12.140646 12.498185
0.860000 11.224390 11.833311 12.268409 12.237602 12.632517 12.971959
0.900000 11.885195 12.286877 12.653696 12.635410 13.004038 13.311493
0.940000 12.262591 12.619849 12.952152 12.943061 13.276919 13.590555
0.960000 12.404764 12.760162 13.089030 13.089023 13.419089 13.734751
0.980000 12.528846 12.882320 13.211719 13.220324 13.566161 13.864916
1.020000 12.734847 13.115770 13.438630 13.443716 13.793320 14.092308
1.040000 12.855793 13.238942 13.558411 13.560174 13.913700 14.228864
1.060000 12.974413 13.364177 13.676214 13.673856 14.019179 14.357981
1.080000 13.065218 13.469955 13.786191 13.781789 14.124798 14.475599
1.100000 13.180762 13.582607 13.894295 13.892363 14.229564 14.590913
1.140000 13.394056 13.776790 14.091508 14.089479 14.416821 14.761845
1.150000 13.444384 13.836255 14.154288 14.148404 14.472868 14.824713
1.160000 13.490803 13.899851 14.217651 14.206722 14.531013 14.869873
1.180000 13.586858 14.019082 14.320743 14.320158 14.643020 14.980839
1.190000 13.627569 14.079387 14.386224 14.378306 14.696619 15.039504
1.210000 13.759707 14.190700 14.490397 14.483687 14.784487 15.131244
1.230000 13.898783 14.311381 14.605160 14.593925 14.887820 15.223444
1.250000 14.037355 14.423467 14.725206 14.709580 15.001347 15.309497
1.270000 14.198474 14.566666 14.839186 14.826625 15.103607 15.413488
1.290000 14.333966 14.680551 14.953095 14.939904 15.211038 15.528055
1.370000 14.860532 15.142168 15.375995 15.373422 15.598658 15.884497
1.390000 14.989592 15.259326 15.491180 15.493094 15.728116 16.031363
1.410000 15.101841 15.387702 15.609197 15.613909 15.851623 16.144010
1.430000 15.244417 15.513331 15.735417 15.749528 15.985745 16.312570
1.450000 15.403309 15.646602 15.876351 15.887738 16.131290 16.472190
1.470000 15.553252 15.778132 16.007623 16.029424 16.277239 16.661396
1.480000 15.620486 15.852605 16.076196 16.107173 16.362689 16.756572
1.510000 15.823327 16.082011 16.298874 16.355899 16.634705 17.247614
1.520000 15.923392 16.160900 16.386375 16.447167 16.726720 17.358132
1.530000 16.025125 16.246581 16.489946 16.547533 16.836566 17.496809
1.550000 16.203902 16.437483 16.700552 16.764506 17.090858 17.723160
1.570000 16.420004 16.617690 16.914943 16.996495 17.368204 18.044358
1.590000 16.578409 16.821165 17.183981 17.237086 17.658657 18.299149
1.610000 16.741225 17.019566 17.476242 17.498576 17.994117 18.568320
1.630000 16.879309 17.182154 17.686720 17.719406 18.240035 18.825213
1.650000 17.016036 17.336214 17.907763 17.908540 18.442771 19.016577
1.670000 17.131706 17.485022 18.094068 18.093057 18.670269 19.247160
1.690000 17.239029 17.627559 18.255784 18.258538 18.845997 19.410022
1.710000 17.352707 17.766576 18.412189 18.416786 19.012819 19.617717
1.730000 17.491623 17.907644 18.571692 18.571690 19.182308 19.851276
1.750000 17.585507 18.035073 18.742534 18.725543 19.340666 20.040541
1.770000 17.684252 18.164966 18.892968 18.874992 19.473022 20.205392
1.810000 17.921348 18.440153 19.171768 19.176281 19.840318 20.552059
1.850000 18.143532 18.731267 19.478149 19.465063 20.140280 20.923245
1.890000 18.333941 19.017262 19.755648 19.758313 20.459552 21.263620
1.930000 18.516281 19.280224 20.018528 20.045101 20.816833 21.586543
1.950000 18.639998 19.432162 20.170632 20.191820 20.975934 21.720212
1.970000 18.799088 19.574859 20.332580 20.351987 21.147296 21.869422
2.010000 19.074365 19.866106 20.658187 20.667517 21.541764 22.206945
2.050000 19.358050 20.150919 20.972905 20.992228 21.885151 22.644397
2.090000 19.637763 20.453715 21.290740 21.313609 22.194995 23.055011
2.130000 19.928514 20.782248 21.639068 21.631568 22.458184 23.453502
2.170000 20.202747 21.058490 21.977670 21.965744 22.829416 23.793397
2.210000 20.534163 21.338954 22.278586 22.261024 23.128848 24.138342
2.250000 20.914842 21.656018 22.539920 22.549056 23.428615 24.412503
2.290000 21.271616 22.002435 22.802957 22.850541 23.711959 24.732963
2.370000 22.020981 22.654223 23.389729 23.452275 24.327681 25.181216
2.450000 22.706826 23.292174 23.941803 24.058040 24.936888 25.668105
2.490000 23.113385 23.660611 24.282495 24.393606 25.240726 25.899191
2.596667 23.855202 24.562288 25.256874 25.244426 25.923954 26.450219
2.703333 24.801158 25.604871 26.161912 26.100966 26.584578 26.998125
2.810000 26.333981 26.640495 26.976294 26.984141 27.310802 27.617572
