depth(m) lower_95(kyr) lower_68(kyr) median(kyr) mean(kyr) upper_68(kyr) upper_95(kyr)
0.000000 0.042265 0.244948 0.503183 0.508129 0.774820 1.003653
0.040000 0.161703 0.356941 0.594556 0.605697 0.854554 1.081658
0.120000 0.339793 0.551409 0.783012 0.785017 1.010570 1.226000
0.200000 0.576801 0.770404 0.967540 0.971474 1.167912 1.392237
0.245000 0.711829 0.892836 1.082594 1.085382 1.279629 1.480525
0.322500 0.889635 1.070205 1.307635 1.337106 1.592344 1.988161
0.400000 1.037402 1.251347 1.516079 1.583060 1.914901 2.441729
0.500000 1.227889 1.470883 1.819954 1.897067 2.368563 2.949133
0.600000 1.407317 1.684908 2.136013 2.223046 2.779842 3.484026
0.733333 1.672434 2.009757 2.598196 2.676359 3.299154 4.123553
0.866667 1.940786 2.323170 3.085246 3.149229 3.985604 4.751714
1.000000 2.170719 2.716846 3.579837 3.634042 4.516597 5.428281
1.100000 2.342141 3.067707 3.955594 3.992271 4.910213 5.887391
1.200000 2.516925 3.357930 4.331253 4.333472 5.266119 6.318987
1.300000 2.731835 3.706309 4.654708 4.683952 5.627834 6.780806
1.400000 2.987097 4.027618 4.997675 5.017806 5.966743 7.236213
1.500000 3.206543 4.296711 5.352878 5.343584 6.300685 7.527225
1.600000 3.438539 4.628348 5.684415 5.664418 6.705559 7.755209
1.700000 3.702207 5.006766 6.001343 5.983217 6.991960 7.980771
1.800000 4.128809 5.308044 6.319754 6.306060 7.307126 8.342808
1.900000 4.412712 5.649497 6.681203 6.629520 7.624225 8.709738
2.000000 4.693447 5.959772 6.978543 6.955870 7.972547 9.002864
2.100000 5.038243 6.308795 7.304354 7.271058 8.240193 9.310485
2.200000 5.363490 6.695716 7.624882 7.618857 8.574706 9.600888
2.300000 5.651090 7.071822 7.971393 7.970861 8.911259 9.912270
2.400000 6.098216 7.441219 8.322156 8.322392 9.265114 10.155744
2.500000 6.777404 7.880277 8.691653 8.707316 9.644315 10.366010
2.600000 7.390746 8.364026 9.074629 9.105906 9.963402 10.715551
2.700000 7.789745 8.717552 9.455700 9.453049 10.268717 10.994533
2.800000 8.174715 9.093454 9.819754 9.804552 10.578333 11.205338
2.900000 8.567054 9.424578 10.158330 10.128051 10.864913 11.452277
3.000000 9.040869 9.840587 10.490928 10.473930 11.125812 11.705000
3.100000 9.514302 10.306283 10.930055 10.876836 11.455773 11.938063
3.200000 9.938803 10.750119 11.322670 11.269967 11.790605 12.160528
3.300000 10.550853 11.188535 11.676395 11.631005 12.108183 12.436149
3.400000 10.992459 11.510308 11.949097 11.932743 12.376311 12.698446
3.500000 11.365503 11.828787 12.245619 12.232598 12.644618 12.913963
3.600000 11.800279 12.182041 12.586663 12.571685 12.956890 13.317195
3.700000 12.229498 12.587560 12.938495 12.938436 13.296735 13.660609
3.800000 12.611941 12.937168 13.274159 13.280953 13.634885 14.003599
3.900000 12.909618 13.222262 13.536272 13.562291 13.932689 14.272647
4.000000 13.138091 13.487168 13.773346 13.802428 14.141964 14.496366
4.040000 13.291821 13.620632 13.903664 13.920491 14.258155 14.584321
4.080000 13.392746 13.739580 14.005687 14.026333 14.349239 14.679576
4.100000 13.433244 13.794632 14.060171 14.079917 14.395716 14.731127
4.120000 13.506150 13.856436 14.111134 14.129800 14.445965 14.775014
4.160000 13.599238 13.956579 14.203361 14.224269 14.523397 14.871454
4.200000 13.719652 14.050984 14.303042 14.319913 14.598755 14.973168
4.240000 13.829893 14.146495 14.397186 14.412361 14.691963 15.055007
4.280000 13.939554 14.246442 14.500050 14.511031 14.794373 15.120223
4.300000 13.995728 14.295488 14.550240 14.564551 14.846816 15.167022
4.320000 14.053882 14.347149 14.620689 14.620995 14.894601 15.256697
4.360000 14.174575 14.455691 14.729144 14.729398 14.992881 15.343830
4.400000 14.295161 14.568826 14.835193 14.837281 15.089973 15.431883
4.440000 14.420057 14.689431 14.972966 14.962210 15.196557 15.549031
4.480000 14.530272 14.816687 15.096234 15.078170 15.309365 15.646282
4.500000 14.567824 14.876927 15.159379 15.138604 15.368402 15.698684
4.520000 14.643888 14.935129 15.212773 15.198475 15.437160 15.761448
4.560000 14.765043 15.069517 15.325982 15.318477 15.555090 15.881599
4.600000 14.888981 15.207207 15.434630 15.433316 15.669036 16.003595
4.640000 15.011781 15.331834 15.552368 15.554243 15.776612 16.122489
4.680000 15.151836 15.485085 15.690012 15.705958 15.944416 16.241709
4.700000 15.222371 15.549253 15.761297 15.776383 16.024783 16.305722
4.720000 15.288984 15.614909 15.827626 15.843469 16.089636 16.379243
4.760000 15.444328 15.754257 15.973071 15.988633 16.240762 16.531645
4.800000 15.622178 15.871628 16.097675 16.116656 16.365576 16.677580
4.840000 15.731504 15.964977 16.210620 16.225186 16.484279 16.806223
4.880000 15.799206 16.054760 16.304726 16.326982 16.595698 16.957151
4.900000 15.848011 16.109187 16.367739 16.387447 16.649200 17.045834
4.920000 15.898815 16.159858 16.432824 16.447961 16.715619 17.126467
4.960000 15.985938 16.251257 16.558398 16.567843 16.851501 17.289620
5.000000 16.072172 16.340790 16.670872 16.692367 17.010804 17.521866
5.040000 16.157629 16.441226 16.786966 16.819629 17.198205 17.810287
5.080000 16.209041 16.515698 16.896062 16.943517 17.359503 18.040276
5.100000 16.251252 16.557572 16.943837 16.998061 17.433048 18.114813
5.120000 16.293127 16.609354 16.995044 17.050582 17.505374 18.171516
5.160000 16.383816 16.690702 17.086882 17.151359 17.626131 18.346712
5.200000 16.455405 16.760317 17.179022 17.253928 17.770534 18.492419
5.240000 16.528464 16.833241 17.269419 17.357988 17.921339 18.602290
5.280000 16.583145 16.901112 17.372361 17.468900 18.078067 18.729122
5.300000 16.636832 16.950724 17.413754 17.524217 18.143017 18.813801
5.320000 16.689879 16.990379 17.458418 17.576809 18.209505 18.897918
5.360000 16.758384 17.077363 17.546205 17.682079 18.342298 18.993481
5.400000 16.826688 17.156563 17.635741 17.788386 18.504885 19.092504
5.440000 16.911462 17.248450 17.721294 17.894442 18.653945 19.187785
5.480000 16.960406 17.325432 17.803420 18.000209 18.796116 19.332170
5.500000 17.004438 17.364764 17.845762 18.051140 18.867235 19.383967
5.520000 17.035126 17.411769 17.891855 18.102360 18.930395 19.415700
5.560000 17.103113 17.488535 17.975113 18.201447 19.062755 19.521650
5.600000 17.163148 17.560639 18.062491 18.297168 19.165799 19.609777
5.640000 17.238586 17.637517 18.163119 18.391599 19.264768 19.707005
5.680000 17.307796 17.717613 18.239983 18.483444 19.350633 19.817139
5.700000 17.343133 17.766560 18.280726 18.529257 19.408621 19.860917
5.720000 17.384810 17.812013 18.322890 18.576175 19.448638 19.914518
5.760000 17.463106 17.889105 18.449809 18.668957 19.529120 19.983258
5.800000 17.524607 17.968952 18.561801 18.761492 19.633761 20.079477
5.840000 17.598652 18.047861 18.645482 18.850023 19.733559 20.198930
5.880000 17.669178 18.125237 18.749490 18.940431 19.817359 20.390567
5.900000 17.703726 18.167518 18.786940 18.985516 19.860853 20.439990
5.920000 17.740092 18.220138 18.859231 19.031462 19.912384 20.479047
5.960000 17.850124 18.315101 18.973092 19.122026 20.003607 20.557636
6.000000 17.976276 18.404745 19.054858 19.208256 20.082222 20.655098
6.040000 18.062789 18.486354 19.162594 19.294800 20.175867 20.730808
6.080000 18.139670 18.573000 19.271798 19.380380 20.246034 20.833656
6.120000 18.265760 18.647136 19.363473 19.464644 20.334208 20.946742
6.160000 18.374575 18.739950 19.433995 19.548032 20.415522 21.010493
6.200000 18.476934 18.810833 19.538547 19.635646 20.504632 21.108631
6.240000 18.549041 18.889679 19.655552 19.726599 20.579677 21.197145
6.280000 18.631812 18.977863 19.770189 19.816896 20.651899 21.288073
6.320000 18.707468 19.051511 19.920177 19.908957 20.731429 21.405836
6.360000 18.770463 19.139779 20.062172 20.005694 20.824204 21.620294
6.400000 18.840046 19.207977 20.154921 20.099299 20.920176 21.709582
6.440000 18.903990 19.305652 20.249038 20.193169 20.993468 21.804075
6.480000 18.984330 19.388332 20.355732 20.289536 21.065778 21.899424
6.520000 19.067016 19.475979 20.449669 20.386459 21.149964 22.068101
6.560000 19.189393 19.567062 20.536325 20.478721 21.234344 22.194846
6.600000 19.285223 19.654373 20.627754 20.574743 21.327303 22.324382
6.640000 19.355644 19.747668 20.709261 20.669040 21.416582 22.514740
6.680000 19.457774 19.861373 20.818362 20.766035 21.500477 22.629443
6.720000 19.540848 19.986786 20.920164 20.863773 21.574013 22.819074
6.760000 19.632108 20.109654 20.994257 20.959206 21.653655 22.921511
6.810000 19.716620 20.223043 21.087191 21.080433 21.761976 23.073932
6.840000 19.791047 20.305390 21.145992 21.151044 21.822888 23.152158
6.880000 19.867398 20.400350 21.222726 21.243026 21.887479 23.283614
6.920000 19.972379 20.500379 21.322503 21.335495 21.971574 23.378376
6.960000 20.054532 20.607606 21.409191 21.427989 22.058995 23.493890
7.000000 20.138605 20.713645 21.485572 21.518928 22.136705 23.590652
7.040000 20.213494 20.829948 21.554015 21.607988 22.213225 23.707077
7.080000 20.309231 20.951749 21.632003 21.700746 22.289122 23.869430
7.120000 20.385062 21.061941 21.707303 21.791649 22.365777 24.013469
7.160000 20.471445 21.154343 21.795748 21.886165 22.445063 24.278883
7.200000 20.574749 21.252848 21.873805 21.978900 22.528061 24.475238
7.240000 20.655737 21.360727 21.952629 22.071045 22.611480 24.703354
7.280000 20.764829 21.494313 22.035838 22.164534 22.683072 24.794005
7.320000 20.871359 21.567329 22.119329 22.254607 22.768325 24.935517
7.360000 20.957001 21.704330 22.215661 22.348109 22.878229 25.007061
7.400000 21.049708 21.804307 22.315674 22.445846 22.965806 25.288460
7.440000 21.176572 21.912906 22.396359 22.538469 23.060346 25.414053
7.480000 21.282947 22.000523 22.474474 22.630677 23.142042 25.499450
7.520000 21.385817 22.092941 22.555345 22.725565 23.235883 25.622831
7.560000 21.518527 22.203691 22.643065 22.819878 23.324990 25.722432
7.600000 21.615133 22.299648 22.737925 22.922718 23.419235 25.838231
7.640000 21.707544 22.396853 22.817643 23.013021 23.523299 25.985727
7.680000 21.794898 22.493724 22.893894 23.109311 23.624706 26.102438
7.720000 21.880827 22.566832 22.983151 23.200169 23.743194 26.255340
7.760000 21.954132 22.657367 23.055850 23.288983 23.833487 26.329165
7.840000 22.103411 22.797549 23.198641 23.456110 24.026652 26.535700
7.880000 22.184157 22.868368 23.288156 23.542307 24.106648 26.593973
7.900000 22.237574 22.905614 23.322854 23.587487 24.150256 26.641836
7.920000 22.275575 22.938835 23.364824 23.632019 24.202081 26.678787
7.960000 22.341215 23.023340 23.448309 23.716027 24.301058 26.764298
8.040000 22.480977 23.172028 23.604226 23.871849 24.476762 26.908961
8.080000 22.575614 23.242177 23.675294 23.957026 24.602252 26.978594
8.100000 22.601016 23.282014 23.719345 24.000568 24.649741 27.003162
8.120000 22.651223 23.319695 23.764584 24.045128 24.713309 27.057688
8.160000 22.752003 23.401268 23.836255 24.129545 24.828646 27.120508
8.200000 22.855389 23.485045 23.920270 24.213991 24.906866 27.203656
8.240000 22.948905 23.558420 23.992467 24.296011 24.997778 27.263758
8.280000 23.072898 23.637644 24.066411 24.377946 25.068886 27.333003
8.320000 23.133112 23.701128 24.146836 24.459367 25.145492 27.419210
8.360000 23.282108 23.787219 24.231564 24.539268 25.223862 27.496286
8.440000 23.436449 23.921681 24.384969 24.690843 25.409004 27.635087
8.480000 23.502182 23.993996 24.464565 24.770173 25.533260 27.703674
8.520000 23.560705 24.095910 24.553890 24.852675 25.617814 27.802220
8.560000 23.649883 24.152962 24.633317 24.933777 25.686083 27.881721
8.600000 23.747831 24.245521 24.710255 25.017001 25.762809 27.946779
8.640000 23.828336 24.339925 24.800585 25.097827 25.850313 28.018511
8.680000 23.901981 24.407325 24.879776 25.178204 25.927445 28.085206
8.720000 23.963159 24.491267 24.967411 25.257406 26.015803 28.159293
8.760000 24.050893 24.572224 25.047036 25.337467 26.110204 28.233322
8.840000 24.212109 24.691377 25.200775 25.490675 26.350636 28.367156
8.880000 24.282771 24.755237 25.281058 25.570491 26.430558 28.446485
8.920000 24.357591 24.818281 25.359818 25.652110 26.542488 28.500506
8.960000 24.425548 24.898159 25.451891 25.734019 26.643024 28.589653
9.000000 24.493572 24.974859 25.519643 25.816682 26.733580 28.665568
9.040000 24.531965 25.051700 25.584832 25.900017 26.824845 28.718683
9.080000 24.585170 25.116596 25.671317 25.978487 26.915231 28.776526
9.120000 24.674431 25.187276 25.759350 26.059305 27.012942 28.854473
9.160000 24.755669 25.259775 25.851650 26.139156 27.109294 28.929570
9.240000 24.891041 25.357539 26.002515 26.289779 27.291279 29.085331
9.280000 24.958793 25.429137 26.085532 26.371463 27.386118 29.186807
9.320000 25.022937 25.495103 26.187278 26.454378 27.450794 29.285470
9.360000 25.102164 25.569219 26.264288 26.539701 27.526896 29.367193
9.400000 25.180394 25.628998 26.349581 26.626591 27.639486 29.437428
9.440000 25.236794 25.705027 26.462054 26.708750 27.721522 29.518521
9.480000 25.330495 25.779556 26.538931 26.792463 27.808409 29.582116
9.520000 25.394485 25.851310 26.635592 26.875968 27.905935 29.667261
9.560000 25.462810 25.925285 26.709281 26.958184 27.979751 29.733491
9.600000 25.542586 26.009890 26.789443 27.043850 28.096824 29.800239
9.640000 25.657972 26.098299 26.889909 27.130769 28.185609 29.868118
9.680000 25.733102 26.178217 26.984238 27.223224 28.270336 29.931669
9.720000 25.836017 26.267039 27.084486 27.314789 28.392318 30.022929
9.760000 25.954820 26.357676 27.174313 27.408261 28.452302 30.086124
9.800000 26.042816 26.446379 27.267763 27.502882 28.541661 30.171952
9.840000 26.112082 26.550976 27.355320 27.596484 28.634957 30.231918
9.960000 26.338755 26.818333 27.618569 27.863399 28.927920 30.438777
10.000000 26.414999 26.916228 27.722793 27.959826 29.016802 30.502806
10.040000 26.484514 27.016964 27.806803 28.054289 29.174697 30.587674
10.080000 26.564597 27.109475 27.908362 28.150633 29.287207 30.686902
10.120000 26.640846 27.200177 28.008871 28.249269 29.360572 30.763479
10.160000 26.730502 27.299054 28.100378 28.349163 29.469145 30.825873
10.200000 26.790441 27.390548 28.199337 28.451656 29.545696 30.905335
10.240000 26.871525 27.474785 28.309605 28.550932 29.637907 30.975051
10.280000 26.949466 27.585328 28.417558 28.658789 29.753756 31.050492
10.360000 27.114017 27.783792 28.729329 28.878807 30.142562 31.193577
10.400000 27.177107 27.873617 28.839501 28.980153 30.239254 31.263143
10.440000 27.262691 27.963576 28.969346 29.083993 30.327254 31.384382
10.480000 27.359742 28.075466 29.071534 29.189728 30.457528 31.532262
10.520000 27.449642 28.185654 29.192288 29.289509 30.555540 31.651118
10.560000 27.512699 28.281492 29.298991 29.393165 30.654339 31.746314
10.600000 27.575225 28.372397 29.407832 29.492344 30.737972 31.925641
10.640000 27.660994 28.466559 29.515350 29.595428 30.855358 32.019251
10.680000 27.751859 28.605844 29.618808 29.698584 30.985282 32.086135
10.720000 27.846355 28.722146 29.703822 29.797331 31.074387 32.194253
10.760000 27.935209 28.819208 29.782983 29.899745 31.158149 32.361806
10.800000 28.013585 28.916066 29.888683 30.001134 31.260504 32.500383
10.840000 28.097391 29.012321 29.973754 30.100227 31.369735 32.584170
10.880000 28.190409 29.105682 30.074954 30.197393 31.473923 32.659709
10.920000 28.262464 29.205174 30.179938 30.295524 31.598006 32.771037
10.960000 28.367756 29.283668 30.290817 30.397062 31.695205 32.879424
11.000000 28.443038 29.380558 30.385783 30.495453 31.786500 33.014942
11.040000 28.497560 29.490366 30.470310 30.594779 31.870696 33.115030
11.080000 28.619687 29.588604 30.566804 30.695856 31.958701 33.217802
11.120000 28.747036 29.670610 30.664421 30.800542 32.055567 33.396976
11.160000 28.864142 29.770073 30.765808 30.903678 32.167862 33.528538
11.200000 28.927677 29.888312 30.865290 31.008400 32.243021 33.639911
11.240000 29.039045 29.992287 30.977403 31.115493 32.350406 33.716160
11.280000 29.139476 30.075784 31.081431 31.219357 32.428838 33.789098
11.320000 29.253183 30.188389 31.199964 31.325995 32.503178 33.916812
11.360000 29.346356 30.287943 31.328788 31.436286 32.605752 34.025984
11.400000 29.485420 30.392125 31.439225 31.544176 32.732216 34.114475
11.440000 29.562808 30.495270 31.526417 31.657125 32.838815 34.238255
11.480000 29.641516 30.582823 31.641204 31.766519 32.948512 34.328159
11.520000 29.754325 30.675358 31.745144 31.875388 33.034767 34.456344
11.560000 29.894645 30.760571 31.829548 31.985271 33.156144 34.638805
11.600000 30.002365 30.841911 31.942573 32.097364 33.269178 34.777409
11.640000 30.123612 30.946933 32.077325 32.215338 33.401496 34.853268
11.680000 30.196125 31.078948 32.191597 32.326508 33.511027 34.930601
11.720000 30.365774 31.185296 32.323407 32.447195 33.638031 35.031451
11.760000 30.461507 31.282678 32.449321 32.565695 33.739266 35.139276
11.800000 30.595409 31.376167 32.562839 32.676100 33.850574 35.244705
11.840000 30.696008 31.488355 32.689231 32.784259 33.965852 35.325351
11.880000 30.796879 31.591634 32.829776 32.893619 34.079233 35.404056
11.920000 30.895210 31.750521 32.933193 33.002186 34.188538 35.476279
11.960000 31.045950 31.876396 33.026439 33.112848 34.298066 35.546088
12.000000 31.178594 32.006490 33.159342 33.228815 34.403424 35.603520
12.040000 31.266419 32.129573 33.281316 33.353922 34.518268 35.705277
12.080000 31.363344 32.268986 33.417453 33.471186 34.643790 35.847839
12.120000 31.569694 32.401993 33.533870 33.594176 34.768369 35.977020
12.160000 31.718367 32.524463 33.624761 33.713534 34.875127 36.049091
12.200000 31.900520 32.667782 33.739125 33.832646 34.982334 36.122362
12.240000 32.028087 32.785545 33.869326 33.952536 35.092286 36.209470
12.280000 32.254995 32.924938 33.978826 34.078258 35.215831 36.305888
12.320000 32.397960 33.080937 34.092637 34.200902 35.339588 36.389058
12.360000 32.566390 33.229493 34.214930 34.331078 35.502820 36.494698
12.400000 32.706644 33.393455 34.315075 34.467938 35.643215 36.580823
12.440000 32.883394 33.538328 34.429713 34.601675 35.764112 36.671862
12.480000 33.042862 33.653121 34.540597 34.735102 35.914841 36.789048
12.500000 33.137843 33.717439 34.613427 34.799953 35.985468 36.826101
12.520000 33.225992 33.795376 34.667719 34.868247 36.057401 36.873985
12.560000 33.364952 33.967310 34.859499 35.030580 36.194175 36.990217
12.600000 33.583202 34.233753 35.029266 35.219552 36.357785 37.105274
12.640000 33.728646 34.461752 35.218542 35.408274 36.508247 37.305238
12.680000 33.889609 34.619282 35.385323 35.566556 36.623956 37.451835
12.700000 33.946228 34.701287 35.462454 35.638292 36.686954 37.524076
12.720000 34.060930 34.773062 35.539093 35.709207 36.750680 37.571406
12.760000 34.163861 34.912635 35.677771 35.854526 36.902970 37.700447
12.800000 34.293715 35.091462 35.837747 35.996541 37.008838 37.815470
12.840000 34.421184 35.207894 35.963113 36.130120 37.116198 37.925404
12.880000 34.518207 35.349741 36.095320 36.265064 37.234944 38.034597
12.920000 34.606440 35.463152 36.222020 36.393592 37.362477 38.128088
12.960000 34.723442 35.630925 36.374763 36.523901 37.471282 38.253876
13.000000 34.853308 35.775183 36.516334 36.664903 37.602351 38.370483
13.040000 34.990616 35.936860 36.671747 36.806614 37.722368 38.449931
13.080000 35.192779 36.053893 36.833432 36.952359 37.829749 38.564393
13.120000 35.384341 36.208823 36.983418 37.094030 37.968265 38.737773
13.160000 35.478571 36.340228 37.134304 37.233021 38.093765 38.838471
13.200000 35.612678 36.489595 37.269523 37.371242 38.204202 39.075192
13.240000 35.774394 36.618234 37.394932 37.503253 38.323505 39.372646
13.280000 36.047277 36.783263 37.541092 37.639091 38.424150 39.588970
13.320000 36.250545 36.910990 37.657948 37.770310 38.548543 39.703842
13.360000 36.373492 37.058307 37.815892 37.899297 38.638156 39.904142
13.400000 36.560073 37.195090 37.932463 38.027630 38.726902 39.982220
13.440000 36.694804 37.354430 38.051338 38.158116 38.854191 40.120917
13.480000 36.846516 37.487379 38.202913 38.289646 38.958238 40.271182
13.520000 36.993444 37.629278 38.346773 38.427733 39.068555 40.489524
13.560000 37.198342 37.795441 38.477392 38.568386 39.163968 40.626422
13.600000 37.345762 37.948188 38.635282 38.724045 39.327852 40.880634
13.640000 37.541419 38.152781 38.810689 38.895497 39.469415 40.996348
13.680000 37.725293 38.337054 38.992485 39.069811 39.647406 41.192587
13.720000 37.943755 38.502456 39.158180 39.249006 39.839095 41.380857
13.760000 38.070601 38.686148 39.341699 39.425430 40.012122 41.622627
13.800000 38.239677 38.841218 39.505625 39.599832 40.205422 41.823318
13.840000 38.353233 38.985506 39.634926 39.763174 40.378271 42.049751
13.880000 38.517676 39.143314 39.775709 39.926401 40.562354 42.248691
13.920000 38.667052 39.265156 39.917228 40.083856 40.715742 42.590647
13.960000 38.799215 39.409588 40.055420 40.239626 40.945627 42.781933
14.000000 38.957353 39.504072 40.197518 40.385373 41.160483 42.932990
14.040000 39.081256 39.631969 40.333259 40.525212 41.314718 43.341511
14.080000 39.193299 39.777629 40.479213 40.665418 41.480116 43.527010
14.120000 39.275252 39.912211 40.633126 40.811333 41.690797 43.652080
14.160000 39.374363 40.054392 40.761733 40.952438 41.856666 43.914951
14.200000 39.522747 40.145723 40.916062 41.094380 42.016278 44.085299
14.240000 39.682863 40.274470 41.037163 41.240158 42.205344 44.411287
14.280000 39.763238 40.387643 41.181318 41.398002 42.434961 44.595878
14.320000 39.897755 40.538594 41.321289 41.551253 42.623934 44.860203
14.360000 39.997405 40.659228 41.469426 41.710661 42.844269 44.968917
14.400000 40.105167 40.780607 41.604857 41.866866 43.123475 45.138614
14.440000 40.198959 40.902497 41.742287 42.022832 43.350673 45.239851
14.480000 40.327448 41.042954 41.886731 42.176308 43.560520 45.398304
14.520000 40.477337 41.173512 42.042389 42.333515 43.789173 45.460211
14.560000 40.617113 41.334872 42.181724 42.490501 44.007478 45.616235
14.600000 40.745697 41.486022 42.322230 42.647764 44.208014 45.691667
14.640000 40.854711 41.626995 42.478503 42.812721 44.478043 45.857127
14.680000 40.973485 41.773836 42.655158 42.981370 44.672165 45.969861
14.720000 41.088101 41.941101 42.833188 43.160682 44.899165 46.046702
14.760000 41.218313 42.114463 43.036668 43.348035 45.092557 46.128608
14.800000 41.309316 42.282718 43.280937 43.542752 45.288898 46.277022
14.840000 41.417871 42.479953 43.540375 43.748559 45.420832 46.377299
14.880000 41.565652 42.603383 43.804952 43.941692 45.549153 46.477426
14.920000 41.691986 42.744603 44.041542 44.135259 45.733994 46.666080
14.960000 41.871074 42.896778 44.327470 44.321178 45.888758 46.761765
15.000000 42.020313 43.074967 44.569305 44.508408 46.048304 46.901700
15.040000 42.127076 43.193813 44.834150 44.701757 46.211629 47.039058
15.080000 42.299588 43.396545 45.037712 44.893454 46.354142 47.162671
15.120000 42.504535 43.591754 45.255376 45.094496 46.519096 47.304262
15.160000 42.673080 43.799394 45.462201 45.283135 46.629215 47.429185
15.200000 42.861067 44.022556 45.673671 45.482558 46.800114 47.566452
15.240000 43.042610 44.282085 45.844101 45.682528 46.943947 47.684505
15.280000 43.212895 44.507339 46.044018 45.878834 47.075094 47.810442
15.320000 43.380778 44.746920 46.288563 46.081819 47.211675 47.922327
15.360000 43.621062 45.021897 46.516538 46.290900 47.352344 48.043309
15.400000 43.780525 45.321239 46.713162 46.495424 47.530498 48.166747
15.440000 44.004789 45.661176 46.915228 46.695583 47.648480 48.276414
15.480000 44.237650 45.925250 47.106026 46.894232 47.795982 48.392541
15.520000 44.425072 46.206899 47.310144 47.091248 47.920910 48.541320
15.560000 44.663277 46.475950 47.469065 47.268425 48.062592 48.646477
15.600000 44.945996 46.747560 47.620413 47.445266 48.193341 48.819137
15.640000 45.133000 46.974570 47.783706 47.620076 48.332305 48.940448
15.680000 45.517814 47.175096 47.912964 47.796553 48.473638 49.080207
15.720000 45.883580 47.366192 48.081453 47.973810 48.628060 49.216028
15.760000 46.177598 47.562179 48.252560 48.147902 48.764947 49.355901
15.800000 46.584375 47.757798 48.409205 48.325877 48.925095 49.469790
15.840000 47.048869 47.913013 48.567524 48.503524 49.045577 49.647829
15.880000 47.374314 48.110077 48.726645 48.676559 49.194662 49.821315
15.920000 47.627949 48.320548 48.897546 48.856637 49.353962 50.082888
15.960000 47.820781 48.516269 49.057491 49.036344 49.533773 50.203306
15.980000 47.906344 48.603133 49.131548 49.119228 49.608314 50.306388
16.000000 48.004026 48.677877 49.223294 49.203780 49.702490 50.385765
16.040000 48.153630 48.865491 49.398027 49.402122 49.927114 50.571869
16.080000 48.331533 49.032334 49.579571 49.598261 50.208825 50.891126
16.120000 48.492529 49.186369 49.743919 49.779740 50.419270 51.224460
16.160000 48.625939 49.354679 49.890504 49.960098 50.638058 51.431183
16.200000 48.789884 49.491828 50.073795 50.152550 50.862874 51.763576
16.240000 48.937029 49.626280 50.242227 50.333732 51.080561 52.054736
16.280000 49.055545 49.786675 50.426633 50.524322 51.295319 52.309233
16.320000 49.194362 49.933654 50.607050 50.718968 51.540985 52.563087
16.360000 49.332710 50.078914 50.821395 50.920852 51.844585 52.845765
16.400000 49.461505 50.225522 51.051637 51.132259 52.083590 53.094484
16.440000 49.583625 50.364302 51.287701 51.348917 52.347454 53.548333
16.480000 49.728035 50.500075 51.495078 51.566147 52.566386 53.916526
16.520000 49.859659 50.628338 51.717784 51.775499 52.840902 54.166898
16.560000 49.986302 50.836790 51.916338 51.988286 53.057185 54.498897
16.600000 50.101308 50.975641 52.171898 52.197902 53.327175 54.683667
16.640000 50.231852 51.139399 52.385571 52.395507 53.526130 54.963052
16.720000 50.493291 51.491112 52.907382 52.865995 54.050566 55.877681
16.760000 50.614644 51.637098 53.088193 53.062627 54.308884 56.072013
16.800000 50.756430 51.781758 53.286971 53.258751 54.562951 56.213999
16.840000 50.945145 51.919689 53.469906 53.449270 54.866428 56.403442
16.880000 51.036507 52.098709 53.686077 53.648287 55.057490 56.582076
16.920000 51.144353 52.280716 53.883232 53.840271 55.251080 56.826293
16.960000 51.302131 52.470630 54.053501 54.036874 55.452910 57.153482
17.000000 51.457271 52.648337 54.245372 54.231004 55.644582 57.254852
17.040000 51.624233 52.858113 54.468694 54.433228 55.912375 57.527572
17.080000 51.736230 53.106080 54.667727 54.636163 56.104777 57.694703
17.120000 51.865529 53.360109 54.864024 54.843434 56.283184 57.910211
17.160000 52.002143 53.516290 55.093991 55.052954 56.450101 58.275118
17.200000 52.123505 53.769398 55.332883 55.263323 56.654090 58.539985
17.240000 52.224162 54.044753 55.539629 55.476349 56.853374 58.718301
17.270000 52.334112 54.226450 55.719884 55.628713 56.979710 58.818099
17.300000 52.519262 54.407878 55.869740 55.777211 57.119578 58.964296
17.330000 52.621979 54.558464 56.017474 55.933570 57.228375 59.212766
17.360000 52.707018 54.725939 56.144637 56.093327 57.380761 59.415652
17.400000 52.975322 54.968090 56.404729 56.328801 57.583674 59.498888
17.440000 53.200401 55.273282 56.675540 56.573778 57.884506 59.618386
17.470000 53.392323 55.464310 56.877919 56.750920 58.021116 59.732972
17.500000 53.585138 55.667886 57.023126 56.914504 58.141707 59.804811
17.530000 53.708496 55.848854 57.178542 57.083079 58.289309 59.910816
17.570000 54.040625 56.174075 57.467014 57.347567 58.496279 60.040543
17.600000 54.229122 56.378381 57.642653 57.525423 58.610373 60.209874
17.640000 54.508519 56.691437 57.901435 57.774435 58.793638 60.342290
17.680000 54.816519 57.073389 58.167272 58.031516 58.983974 60.462188
17.720000 55.066247 57.460996 58.425135 58.298835 59.175054 60.603628
17.760000 55.267065 57.765715 58.685242 58.558764 59.445876 60.891452
17.800000 55.527122 57.981110 58.959001 58.809340 59.740144 61.014332
17.830000 55.600729 58.151080 59.139755 58.989766 59.969811 61.135233
17.860000 55.701070 58.330142 59.310399 59.172634 60.157632 61.265763
17.900000 56.104486 58.614947 59.568787 59.449138 60.405977 61.487148
17.930000 56.325435 58.800425 59.750136 59.633923 60.572021 61.666629
17.970000 56.617299 59.122077 60.015574 59.903190 60.823331 61.891738
18.000000 56.803395 59.320584 60.238721 60.097433 60.994480 62.071623
18.030000 56.992225 59.539502 60.412680 60.292423 61.213772 62.178833
18.060000 57.194476 59.745996 60.617476 60.486371 61.373148 62.282677
18.100000 57.567451 60.029498 60.851701 60.753462 61.637414 62.420774
18.130000 57.742461 60.223344 61.042981 60.947363 61.817436 62.600949
18.170000 58.350134 60.481310 61.309153 61.214325 62.104053 62.838650
18.200000 58.715570 60.630781 61.479257 61.392700 62.276844 63.123699
18.230000 59.075778 60.823798 61.641985 61.582222 62.459792 63.304133
18.270000 59.610146 61.056400 61.846114 61.824924 62.720459 63.579223
18.300000 59.902268 61.216765 62.007910 62.002400 62.883353 63.772468
18.330000 60.174785 61.421234 62.165450 62.183601 63.058450 64.031687
18.370000 60.539450 61.663307 62.392792 62.440776 63.333516 64.446046
18.400000 60.809763 61.824561 62.559733 62.631147 63.493682 64.655514
18.440000 61.228975 62.085332 62.854155 62.913553 63.800780 64.891411
18.480000 61.420217 62.370364 63.134148 63.196752 64.046984 65.145813
18.520000 61.749266 62.567064 63.371036 63.443888 64.322386 65.481924
18.560000 62.013260 62.755901 63.611951 63.680545 64.566138 65.720597
18.600000 62.193774 62.984653 63.838658 63.906380 64.828974 65.968559
18.640000 62.367397 63.216253 64.071556 64.130803 65.099391 66.257384
18.680000 62.565780 63.381702 64.270873 64.339483 65.328772 66.485360
18.720000 62.752185 63.557962 64.503165 64.550671 65.538338 66.696414
18.760000 62.927472 63.787068 64.722234 64.765363 65.751313 66.916060
18.800000 63.066365 63.986806 64.961112 64.982142 65.960206 67.124107
18.840000 63.229096 64.145889 65.196850 65.194045 66.213555 67.315950
18.880000 63.367621 64.352123 65.450833 65.429768 66.499884 67.493517
18.920000 63.524953 64.562577 65.691670 65.666643 66.741141 67.775815
18.960000 63.706231 64.825045 65.927304 65.905539 66.994107 67.941973
19.000000 63.958552 65.043852 66.146612 66.138552 67.247776 68.221132
19.030000 64.095456 65.197808 66.312450 66.307301 67.425529 68.403060
19.080000 64.317076 65.592025 66.583067 66.590388 67.674537 68.737262
19.120000 64.569658 65.864620 66.818861 66.817110 67.891709 69.016584
19.160000 64.880975 66.074479 66.984030 67.031161 68.103782 69.222994
19.200000 65.151556 66.304617 67.187286 67.241508 68.262720 69.365942
19.240000 65.509801 66.553601 67.406624 67.479826 68.466481 69.634404
19.280000 65.805237 66.794195 67.610926 67.716899 68.695559 69.848758
19.320000 66.187971 67.041035 67.845417 67.977448 68.917537 70.153635
19.360000 66.510281 67.369072 68.106921 68.275177 69.219900 70.599604
19.400000 66.854801 67.659195 68.427633 68.596197 69.563733 71.239142
19.430000 67.101071 67.845972 68.620349 68.809536 69.797667 71.496459
19.480000 67.510882 68.197002 69.064501 69.257898 70.302655 72.423806
19.500000 67.683003 68.337653 69.209424 69.398197 70.384945 72.587100
19.530000 67.875290 68.548831 69.378904 69.620078 70.634311 73.053306
19.570000 68.071893 68.793439 69.654486 69.910652 71.027050 73.399832
19.600000 68.277446 68.995135 69.844422 70.126541 71.247084 73.569246
19.640000 68.561622 69.288010 70.129402 70.426266 71.727849 73.818811
19.670000 68.746755 69.461053 70.336456 70.627492 71.908480 73.996930
19.700000 68.899204 69.628088 70.554146 70.830625 72.161905 74.228577
19.730000 69.060292 69.810190 70.740470 71.023799 72.380435 74.398600
19.770000 69.228758 70.054506 70.998415 71.290241 72.742268 74.641872
19.800000 69.354894 70.247649 71.234682 71.493828 72.911952 74.804300
19.830000 69.481567 70.428176 71.445563 71.691844 73.067263 75.015042
19.870000 69.681759 70.676055 71.702254 71.961340 73.352521 75.519265
19.930000 69.942088 71.010959 72.071988 72.372450 73.753468 76.348121
19.970000 70.088302 71.209894 72.352941 72.641082 73.964902 76.975429
20.000000 70.247858 71.365177 72.543351 72.822834 74.139488 77.276128
20.030000 70.377461 71.532779 72.725021 73.005789 74.333642 77.488431
20.070000 70.588436 71.769820 72.984222 73.273214 74.557565 77.713164
20.110000 70.760887 72.006856 73.291345 73.536145 74.757273 77.902046
20.140000 70.906113 72.197950 73.521816 73.743914 74.938996 78.081373
20.170000 71.044914 72.381552 73.773391 73.966773 75.100226 78.294671
20.200000 71.190240 72.648074 74.059110 74.198871 75.304995 78.480310
20.230000 71.416244 72.847702 74.393421 74.463744 75.571894 78.717725
20.270000 71.552083 73.244163 74.910272 74.852655 75.915390 78.955131
20.300000 71.726943 73.417882 75.141196 75.081695 76.231523 79.164340
20.330000 71.857546 73.691680 75.342499 75.293970 76.481321 79.335027
20.370000 72.056075 73.936710 75.641320 75.576013 76.950653 79.529385
20.400000 72.181504 74.083017 75.875235 75.789912 77.307148 79.660958
20.430000 72.318552 74.249067 76.081315 76.006333 77.543152 79.839257
20.470000 72.489375 74.490424 76.428950 76.308542 77.848458 80.063037
20.500000 72.686516 74.657399 76.741332 76.548847 78.138978 80.282244
20.530000 72.836702 74.796285 77.002628 76.770193 78.318782 80.502731
20.560000 73.040844 74.954524 77.218417 76.990626 78.503461 80.612140
20.600000 73.423240 75.226218 77.535054 77.316913 78.857961 80.875954
20.630000 73.616521 75.442874 77.753933 77.563376 79.137379 81.040102
20.670000 73.903613 75.881908 78.071619 77.922030 79.523786 81.371176
20.700000 74.177666 76.200331 78.335730 78.174897 79.753420 81.630584
20.730000 74.323709 76.473156 78.574460 78.423375 80.075188 81.739781
20.770000 74.669234 76.830771 78.949028 78.784575 80.385241 82.175389
20.800000 74.956284 77.139941 79.208383 79.042024 80.632145 82.471150
20.870000 75.590106 78.223040 79.892231 79.804141 81.239328 82.969572
20.900000 75.843147 78.540591 80.136724 80.073055 81.425228 83.203428
20.930000 76.146580 78.783204 80.386728 80.329896 81.629896 83.575227
20.970000 76.709009 79.284856 80.736220 80.694928 81.898559 83.883439
21.000000 76.966000 79.635651 80.980832 80.978071 82.121257 84.293201
21.030000 77.412286 79.987715 81.283129 81.264629 82.337209 84.658583
21.070000 78.042961 80.451604 81.672218 81.679855 82.727302 84.918077
21.130000 79.677007 81.453948 82.428277 82.512000 83.415830 85.694588
21.170000 79.971185 81.874105 82.863237 82.930567 83.852219 86.119962
21.200000 80.250356 82.110249 83.163567 83.226995 84.221945 86.267234
21.230000 80.679665 82.411095 83.431654 83.506258 84.449487 86.475632
21.270000 81.092843 82.764963 83.812077 83.892512 84.852774 86.854242
21.300000 81.411992 83.058577 84.119712 84.185846 85.135833 87.367708
21.330000 81.792967 83.319664 84.409540 84.472577 85.397365 88.038277
21.370000 82.102548 83.722346 84.781427 84.836294 85.653392 89.774484
21.400000 82.256664 83.972626 85.049607 85.105774 85.879126 90.205951
21.430000 82.548491 84.266765 85.305152 85.388691 86.109118 90.739050
21.470000 82.838974 84.727822 85.664088 85.793704 86.391563 91.580549
21.500000 83.056002 85.008258 85.921273 86.090034 86.620925 92.261908
21.530000 83.216306 85.394796 86.172189 86.394571 86.922594 92.414108
21.570000 83.582663 86.020588 86.539405 86.881440 87.314241 92.827353
21.600000 83.859446 86.400228 86.867944 87.224741 87.667783 93.060469
21.630000 84.275321 86.674612 87.176065 87.544906 88.044907 93.288552
21.670000 84.954171 87.040758 87.560976 87.979161 88.664059 93.541105
21.730000 86.994236 87.564258 88.191859 88.724757 89.859839 93.919033
21.800000 87.545559 88.219761 89.272061 89.649033 90.963919 94.292140
21.830000 87.774513 88.515027 89.610930 89.963095 91.324946 94.478193
21.870000 88.144991 88.926755 90.037563 90.376129 91.834953 94.684290
21.900000 88.410343 89.284050 90.342701 90.693677 92.144848 94.842481
21.930000 88.701971 89.681397 90.697259 91.035236 92.634064 95.081020
21.970000 89.282773 90.242114 91.254910 91.587752 93.244731 95.354211
22.000000 89.686748 90.649778 91.673179 91.977914 93.645610 95.543838
22.030000 90.021665 91.033126 92.059993 92.341565 93.822533 95.740683
22.070000 90.701477 91.638279 92.728755 92.942679 94.375788 96.092578
22.100000 91.159988 92.006789 93.154431 93.308940 94.740586 96.266089
22.130000 91.476304 92.375324 93.549871 93.674798 95.056510 96.522643
22.170000 91.770970 92.818852 94.075706 94.141244 95.446710 97.184343
22.200000 92.081744 93.159162 94.393052 94.452679 95.708437 97.602664
22.230000 92.329348 93.456633 94.688848 94.740826 95.922524 98.022152
22.270000 92.674977 93.852373 95.017470 95.117918 96.243338 98.720952
22.300000 92.885519 94.146324 95.255764 95.390886 96.542556 99.141479
22.330000 93.220690 94.447580 95.526671 95.678719 96.858402 99.376084
22.370000 93.584558 94.819997 95.834708 96.077832 97.403952 99.751045
22.400000 93.907940 95.130512 96.098175 96.375772 97.728439 99.975783
22.430000 94.205213 95.437722 96.328369 96.654200 98.095682 100.206784
22.470000 94.661906 95.759481 96.662253 97.025386 98.489171 100.509038
22.500000 94.977939 96.023720 96.916726 97.283150 98.781853 100.686591
22.530000 95.333005 96.252852 97.203506 97.539177 99.025571 100.877330
22.570000 95.637608 96.536684 97.600675 97.875209 99.404740 101.258311
22.600000 95.782652 96.735738 97.866070 98.100813 99.645404 101.497113
22.630000 95.954652 96.923404 98.094296 98.315919 99.838602 101.670566
22.670000 96.193565 97.139006 98.425535 98.598390 100.140314 102.040158
22.700000 96.403641 97.295829 98.644132 98.809168 100.385097 102.233656
22.730000 96.596774 97.451675 98.871985 99.007871 100.545181 102.374812
22.770000 96.849642 97.680036 99.159054 99.264626 100.785448 102.668175
22.800000 96.980264 97.835814 99.364137 99.460974 101.014611 102.789695
22.830000 97.101191 98.010117 99.567279 99.649967 101.191021 102.976989
22.870000 97.298883 98.276569 99.814483 99.905119 101.465076 103.203071
22.900000 97.428658 98.430995 100.009629 100.089816 101.637440 103.377755
22.930000 97.581860 98.619897 100.220654 100.274949 101.863219 103.490171
22.970000 97.812696 98.875890 100.424366 100.520233 102.092495 103.768315
23.000000 98.007818 99.046841 100.628076 100.700398 102.263380 103.891638
23.030000 98.162805 99.207018 100.810658 100.887534 102.476329 104.033615
23.070000 98.350824 99.440405 101.059911 101.132125 102.736396 104.197192
23.100000 98.464609 99.609638 101.260171 101.316327 102.913532 104.358853
23.130000 98.616949 99.815211 101.439546 101.503821 103.175065 104.570913
23.170000 98.798444 100.114408 101.736375 101.757983 103.418151 104.814634
23.200000 98.993967 100.305574 101.949390 101.956743 103.623112 105.023195
23.230000 99.217254 100.493235 102.123260 102.150337 103.763803 105.165185
23.270000 99.497141 100.736313 102.420562 102.410291 104.049963 105.419254
23.300000 99.645911 100.936655 102.611808 102.617486 104.241287 105.624196
23.330000 99.833762 101.232963 102.839385 102.824083 104.436591 105.821038
23.370000 100.117387 101.476474 103.148644 103.101890 104.757115 106.027187
23.400000 100.257332 101.708633 103.376690 103.308765 104.963880 106.177541
23.440000 100.455760 101.959049 103.625095 103.564424 105.194305 106.336147
23.480000 100.753472 102.259527 103.867070 103.826127 105.411288 106.564608
23.500000 100.854845 102.411254 104.025693 103.968507 105.517354 106.711569
23.520000 101.038590 102.580851 104.177337 104.123550 105.655433 106.854033
23.560000 101.355348 103.023581 104.610211 104.487903 105.905720 107.022162
23.600000 101.582698 103.441127 104.973053 104.821856 106.154518 107.241556
23.640000 101.774598 103.795779 105.295936 105.120030 106.429164 107.389191
23.680000 101.984499 104.110622 105.587793 105.399740 106.675662 107.567346
23.700000 102.080091 104.309171 105.716853 105.550770 106.814266 107.703210
23.720000 102.193528 104.472613 105.924570 105.711474 106.956074 107.836796
23.760000 102.433777 104.737409 106.295900 106.038313 107.223525 108.044021
23.800000 102.781820 105.027206 106.637252 106.357494 107.483850 108.299431
23.840000 103.085744 105.356803 107.022713 106.688285 107.795465 108.607821
23.880000 103.469258 105.642843 107.402310 107.044126 108.074786 108.850750
23.920000 104.025716 106.112704 107.808445 107.440608 108.457778 109.156086
23.960000 104.295276 106.745221 108.262486 107.909870 108.937738 109.597220
24.040000 104.844287 108.490064 109.233596 109.013757 109.852052 110.508857
24.080000 105.189829 108.864710 109.654590 109.422339 110.300320 110.895419
24.120000 105.456664 109.148575 110.015204 109.781537 110.668225 111.235596
24.160000 105.832407 109.451444 110.388720 110.135767 111.070436 111.599163
24.200000 106.112399 109.759487 110.813763 110.537789 111.462714 111.959484
24.240000 106.328492 110.148790 111.227198 110.941784 111.837932 112.236817
24.280000 106.809456 110.724221 111.650245 111.389423 112.215984 112.646474
24.320000 107.319879 111.403181 112.186160 111.934407 112.692480 113.098274
24.360000 107.582798 112.068293 112.715993 112.495414 113.169725 113.694108
24.400000 107.971317 112.673531 113.232006 113.046372 113.703480 114.243695
24.440000 108.238717 113.223679 113.713825 113.565498 114.196449 114.775625
24.480000 108.655231 113.731859 114.251977 114.095384 114.759198 115.372623
24.520000 109.608538 114.192415 114.751321 114.630774 115.325136 116.077848
24.560000 110.947752 114.638008 115.267969 115.141135 115.926695 116.582640
24.600000 112.508267 115.012006 115.749178 115.624945 116.463726 117.113923
24.640000 113.665567 115.431060 116.233672 116.117482 116.938108 117.594166
24.680000 114.539979 115.927778 116.801823 116.688129 117.539233 118.104676
24.720000 115.305414 116.514718 117.399662 117.294846 118.137912 118.716851
24.760000 116.123017 117.123701 118.005056 117.914586 118.712863 119.281009
24.790000 116.564371 117.566692 118.433234 118.370911 119.170163 119.809105
24.840000 118.046765 118.815701 119.634344 119.600334 120.366838 121.098645
24.880000 118.702644 119.461809 120.232568 120.218777 120.979098 121.852087
24.920000 119.271206 119.996168 120.799891 120.816380 121.625416 122.475033
24.960000 119.692552 120.447336 121.267827 121.305679 122.177000 123.150949
25.000000 120.080858 120.881171 121.727434 121.788028 122.774926 123.790122
25.040000 120.421294 121.245846 122.119783 122.235766 123.264372 124.581113
25.080000 120.709531 121.569755 122.535087 122.666800 123.792542 125.229468
25.120000 121.095782 121.921827 122.938552 123.090392 124.275230 125.873544
25.160000 121.423636 122.289644 123.345821 123.514010 124.817397 126.287547
25.200000 121.754075 122.605269 123.704579 123.904891 125.292249 126.750374
25.240000 122.054265 122.947429 124.086617 124.269094 125.668675 127.122966
25.280000 122.430402 123.304963 124.440495 124.636682 126.047859 127.431868
25.320000 122.660166 123.627491 124.818766 124.990327 126.409536 127.697928
25.360000 122.967663 123.959652 125.240460 125.334496 126.755339 127.947356
25.400000 123.342710 124.272499 125.600365 125.672262 127.084721 128.179582
25.440000 123.611858 124.618717 125.924237 125.984070 127.381963 128.413834
25.480000 123.998759 125.012717 126.272614 126.311197 127.691645 128.641321
25.520000 124.362882 125.401606 126.572744 126.646477 127.973198 128.902571
25.560000 124.754195 125.746376 126.965903 126.974998 128.275852 129.121728
25.600000 125.100141 126.164658 127.307609 127.304094 128.541147 129.319919
25.640000 125.479774 126.556976 127.665386 127.644185 128.792653 129.507581
25.680000 125.942983 127.037428 128.081489 128.025375 129.109770 129.711752
25.720000 126.378109 127.540821 128.482993 128.415063 129.387961 129.921209
25.760000 126.975568 128.072918 128.946162 128.856404 129.682409 130.164214
25.800000 127.862189 128.749857 129.429255 129.375209 130.050540 130.416589
25.840000 128.637792 129.328066 129.858674 129.815974 130.335547 130.665653
25.880000 129.160315 129.777702 130.238611 130.190715 130.627633 130.967818
25.920000 129.603120 130.107663 130.543889 130.497268 130.894030 131.196632
25.960000 129.942700 130.398194 130.819789 130.780976 131.144803 131.445116
26.000000 130.254532 130.683588 131.086332 131.048550 131.391173 131.692142
26.100000 130.937615 131.373315 131.706973 131.686410 132.009369 132.284156
26.200000 131.801721 132.063536 132.335194 132.334982 132.611671 132.825522
26.240000 132.052000 132.333428 132.583299 132.577821 132.839498 133.045234
26.280000 132.365006 132.601842 132.864519 132.854752 133.102990 133.312109
26.320000 132.631608 132.889403 133.163152 133.139015 133.373699 133.568802
26.360000 133.057938 133.325064 133.537291 133.517518 133.705496 133.882214
26.400000 133.490517 133.669966 133.831382 133.828902 133.995573 134.132682
26.440000 133.742103 133.914652 134.079464 134.070816 134.234917 134.372110
26.480000 133.974885 134.130848 134.290339 134.289612 134.443411 134.589673
26.520000 134.180687 134.335287 134.498346 134.496302 134.647399 134.787094
26.560000 134.409605 134.568382 134.712638 134.714395 134.859231 134.999727
26.600000 134.674464 134.796767 134.943892 134.943080 135.082181 135.230410
26.630000 134.839769 134.974905 135.130367 135.136715 135.290878 135.467063
26.670000 135.049235 135.207249 135.367653 135.388423 135.551942 135.853398
26.700000 135.189052 135.355189 135.526961 135.561442 135.737153 136.147037
26.730000 135.322438 135.497679 135.684995 135.742660 135.954786 136.605798
26.770000 135.483294 135.676220 135.883391 135.968878 136.186374 137.063083
26.800000 135.605637 135.798300 136.029572 136.128124 136.380296 137.409414
26.830000 135.700969 135.920325 136.168726 136.283891 136.541995 137.703028
26.870000 135.821651 136.077227 136.358869 136.483327 136.787421 138.166310
26.900000 135.926041 136.199751 136.489242 136.630908 136.966030 138.561089
26.930000 136.026490 136.318491 136.634101 136.782160 137.152785 138.779884
26.970000 136.135641 136.467714 136.813197 136.979477 137.448157 139.032135
27.000000 136.247271 136.591641 136.962703 137.133105 137.611384 139.305545
27.030000 136.380415 136.725011 137.111052 137.290477 137.850208 139.592702
27.070000 136.511034 136.880336 137.305008 137.492603 138.091200 139.863173
27.100000 136.627136 137.005245 137.451695 137.646795 138.257681 140.048225
27.130000 136.729561 137.134380 137.593375 137.810938 138.550971 140.270903
27.170000 136.870810 137.307531 137.799477 138.025396 138.834802 140.516837
27.200000 136.981576 137.455534 137.957967 138.194488 139.047797 140.760107
27.240000 137.147747 137.622399 138.161829 138.418523 139.311501 141.188680
27.260000 137.244464 137.727407 138.289419 138.537368 139.453084 141.321194
27.280000 137.333360 137.844873 138.410930 138.658159 139.569124 141.619025
27.320000 137.505277 138.042871 138.635860 138.894780 139.828470 141.827817
27.400000 137.793752 138.429149 139.039029 139.342652 140.398550 142.254589
27.440000 137.973293 138.625776 139.273813 139.574002 140.664529 142.467413
27.480000 138.151592 138.810942 139.491619 139.806138 140.961598 142.725056
27.520000 138.329033 138.987848 139.716844 140.033572 141.232099 143.081465
27.560000 138.541369 139.218090 139.963598 140.275212 141.500468 143.376017
27.600000 138.711962 139.441561 140.215835 140.523650 141.798824 143.675387
27.640000 138.889277 139.669061 140.469526 140.773127 142.078400 143.962878
27.680000 139.116077 139.920876 140.711677 141.009541 142.360443 144.135967
27.800000 139.745462 140.464572 141.383001 141.699358 143.167461 144.860797
27.900000 140.203813 140.949767 141.963392 142.283230 143.753025 145.587754
28.000000 140.718543 141.497935 142.574549 142.872127 144.345470 146.277165
28.100000 141.222860 142.009987 143.186325 143.481740 145.128539 146.956781
28.200000 141.746178 142.559767 143.849702 144.121778 145.880411 147.688283
28.300000 142.205839 143.126132 144.543619 144.803465 146.718490 148.339812
28.400000 142.795491 143.706711 145.283078 145.508280 147.592175 149.132901
